Time_s   F0_Hz
0.019605   572.370152
0.027500   571.111927
0.035395   --undefined--
0.043289   --undefined--
0.051184   419.347196
0.059079   408.382284
0.066974   401.879329
0.074868   408.174981
0.082763   417.767629
0.090658   426.525860
0.098553   433.661848
0.106447   436.341364
0.114342   436.435957
0.122237   436.202974
0.130132   435.709420
0.138026   435.758286
0.145921   427.938266
0.153816   426.952174
0.161711   436.509294
0.169605   442.057280
0.177500   449.499872
0.185395   452.543155
0.193289   442.522612
0.201184   425.937448
0.209079   417.988359
0.216974   --undefined--
0.224868   --undefined--
0.232763   --undefined--
0.240658   --undefined--
0.248553   --undefined--
0.256447   --undefined--
0.264342   --undefined--
0.272237   --undefined--
0.280132   --undefined--
0.288026   --undefined--
0.295921   274.836230
0.303816   262.030932
0.311711   241.058555
0.319605   214.895747
0.327500   194.570610
0.335395   189.282167
0.343289   184.683185
0.351184   184.402257
0.359079   182.415141
0.366974   180.318704
0.374868   178.345185
0.382763   176.523061
0.390658   175.770888
0.398553   175.875253
0.406447   175.993424
0.414342   177.557941
0.422237   178.598568
0.430132   179.767575
0.438026   181.724658
0.445921   185.592818
0.453816   189.829911
0.461711   198.616554
0.469605   204.606841
0.477500   220.421708
0.485395   230.488910
0.493289   241.634787
0.501184   250.503915
0.509079   258.175822
0.516974   268.225403
0.524868   281.236609
0.532763   293.118211
0.540658   305.967397
0.548553   321.203305
0.556447   336.399009
0.564342   349.795116
0.572237   356.609216
0.580132   362.461478
0.588026   356.303597
0.595921   --undefined--
0.603816   --undefined--
0.611711   --undefined--
0.619605   --undefined--
0.627500   --undefined--
0.635395   --undefined--
0.643289   --undefined--
0.651184   --undefined--
0.659079   --undefined--
0.666974   --undefined--
0.674868   --undefined--
0.682763   --undefined--
0.690658   --undefined--
0.698553   --undefined--
0.706447   --undefined--
0.714342   --undefined--
0.722237   --undefined--
0.730132   --undefined--
0.738026   --undefined--
0.745921   --undefined--
0.753816   --undefined--
0.761711   --undefined--
0.769605   --undefined--
0.777500   --undefined--
0.785395   --undefined--
0.793289   --undefined--
0.801184   --undefined--
0.809079   --undefined--
0.816974   --undefined--
0.824868   --undefined--
0.832763   --undefined--
0.840658   --undefined--
0.848553   --undefined--
0.856447   --undefined--
0.864342   --undefined--
0.872237   --undefined--
0.880132   --undefined--
0.888026   --undefined--
0.895921   193.340731
0.903816   191.110542
0.911711   189.336251
0.919605   188.351924
0.927500   188.443144
0.935395   187.921005
0.943289   184.741536
0.951184   183.364626
0.959079   189.075691
0.966974   189.496366
0.974868   190.044365
0.982763   189.927850
0.990658   188.226995
0.998553   184.838094
1.006447   181.401226
1.014342   176.913330
1.022237   180.884609
1.030132   183.142242
1.038026   183.539790
1.045921   183.558265
1.053816   182.955521
1.061711   182.411172
1.069605   182.691535
1.077500   183.345321
1.085395   184.169880
1.093289   183.382842
1.101184   181.861412
1.109079   180.764928
1.116974   180.097997
1.124868   180.167046
1.132763   181.667627
1.140658   184.049203
1.148553   186.374701
1.156447   187.309037
1.164342   187.303652
1.172237   186.507173
1.180132   186.047301
1.188026   187.469975
1.195921   189.472938
1.203816   190.996389
1.211711   192.946424
1.219605   194.863354
1.227500   196.694709
1.235395   199.114276
1.243289   201.421224
1.251184   203.141603
1.259079   205.487548
1.266974   207.495110
1.274868   208.841350
1.282763   209.324845
1.290658   214.963393
1.298553   215.713176
1.306447   215.646797
1.314342   215.465932
1.322237   214.239794
1.330132   212.148086
1.338026   209.172425
1.345921   206.401621
1.353816   203.292907
1.361711   200.221039
1.369605   200.143837
1.377500   191.066227
1.385395   185.250458
1.393289   181.186484
1.401184   176.668693
1.409079   173.953847
1.416974   172.673838
1.424868   172.983369
1.432763   173.707228
1.440658   174.296022
1.448553   174.502419
1.456447   174.632401
1.464342   174.338392
1.472237   --undefined--
1.480132   --undefined--
1.488026   --undefined--
1.495921   --undefined--
1.503816   --undefined--
1.511711   --undefined--
1.519605   --undefined--
1.527500   --undefined--
1.535395   --undefined--
1.543289   --undefined--
1.551184   --undefined--
1.559079   --undefined--
1.566974   --undefined--
1.574868   --undefined--
1.582763   --undefined--
1.590658   --undefined--
1.598553   --undefined--
1.606447   --undefined--
1.614342   --undefined--
1.622237   --undefined--
1.630132   --undefined--
1.638026   --undefined--
1.645921   --undefined--
1.653816   199.955710
1.661711   192.061485
1.669605   185.095987
1.677500   177.223993
1.685395   173.396292
1.693289   171.017432
1.701184   169.928451
1.709079   169.254144
1.716974   169.261380
1.724868   169.894452
1.732763   171.561179
1.740658   175.113879
1.748553   180.014782
1.756447   186.123741
1.764342   193.193398
1.772237   201.405840
1.780132   216.295724
1.788026   237.815713
1.795921   253.027040
1.803816   270.738382
1.811711   288.563517
1.819605   309.430027
1.827500   327.070169
1.835395   340.727635
1.843289   --undefined--
1.851184   --undefined--
1.859079   --undefined--
1.866974   --undefined--
1.874868   --undefined--
1.882763   --undefined--
1.890658   --undefined--
1.898553   --undefined--
1.906447   --undefined--
1.914342   --undefined--
1.922237   577.072650
1.930132   583.470674
1.938026   588.545779
1.945921   594.055368
1.953816   --undefined--
1.961711   --undefined--
1.969605   --undefined--
1.977500   --undefined--
1.985395   --undefined--
1.993289   --undefined--
2.001184   177.720901
2.009079   179.205992
2.016974   172.885886
2.024868   168.829097
2.032763   164.153717
2.040658   159.532949
2.048553   157.737380
2.056447   --undefined--
2.064342   --undefined--
2.072237   --undefined--
2.080132   --undefined--
2.088026   --undefined--
2.095921   --undefined--
2.103816   599.004825
2.111711   599.119983
2.119605   --undefined--
2.127500   --undefined--
2.135395   --undefined--
2.143289   --undefined--
2.151184   --undefined--
2.159079   --undefined--
2.166974   --undefined--
2.174868   169.720062
2.182763   170.131326
2.190658   170.387171
2.198553   170.509431
2.206447   171.063315
2.214342   172.092336
2.222237   173.272021
2.230132   174.852416
2.238026   177.711709
2.245921   187.413561
2.253816   201.301085
2.261711   206.032318
2.269605   --undefined--
2.277500   --undefined--
2.285395   --undefined--
2.293289   --undefined--
2.301184   --undefined--
2.309079   --undefined--
2.316974   --undefined--
2.324868   --undefined--
2.332763   --undefined--
2.340658   --undefined--
2.348553   --undefined--
2.356447   --undefined--
2.364342   --undefined--
2.372237   --undefined--
2.380132   --undefined--
2.388026   --undefined--
2.395921   --undefined--
2.403816   --undefined--
2.411711   --undefined--
2.419605   --undefined--
2.427500   167.336255
2.435395   164.553537
2.443289   161.134195
2.451184   159.323553
2.459079   157.767486
2.466974   157.422854
2.474868   158.149584
2.482763   158.603226
2.490658   158.026593
2.498553   156.360123
2.506447   155.945366
2.514342   156.708797
2.522237   159.337820
2.530132   164.567584
2.538026   164.482241
2.545921   159.093053
2.553816   157.646068
2.561711   156.556969
2.569605   154.161629
2.577500   151.801515
2.585395   152.039331
2.593289   153.660948
2.601184   155.116080
2.609079   155.651795
2.616974   156.219517
2.624868   157.113390
2.632763   158.192786
2.640658   159.295736
2.648553   160.348819
2.656447   161.014290
2.664342   161.486684
2.672237   162.146211
2.680132   163.612417
2.688026   167.138230
2.695921   175.362022
2.703816   182.720627
2.711711   191.633464
2.719605   201.432031
2.727500   213.552217
2.735395   226.262631
2.743289   239.514347
2.751184   256.239119
2.759079   276.349029
2.766974   294.275530
2.774868   307.715520
2.782763   317.808995
2.790658   325.736694
2.798553   330.240044
2.806447   359.001023
2.814342   347.929955
2.822237   --undefined--
2.830132   --undefined--
2.838026   --undefined--
2.845921   --undefined--
2.853816   --undefined--
2.861711   --undefined--
2.869605   --undefined--
2.877500   --undefined--
2.885395   --undefined--
2.893289   --undefined--
2.901184   --undefined--
2.909079   --undefined--
2.916974   --undefined--
2.924868   --undefined--
2.932763   --undefined--
2.940658   --undefined--
2.948553   --undefined--
2.956447   --undefined--
2.964342   --undefined--
2.972237   240.933108
2.980132   228.357507
2.988026   217.060443
2.995921   209.575531
3.003816   206.057646
3.011711   203.332229
3.019605   201.786226
3.027500   200.629797
3.035395   198.995907
3.043289   197.708719
3.051184   196.315523
3.059079   193.669508
3.066974   --undefined--
3.074868   --undefined--
3.082763   --undefined--
3.090658   --undefined--
3.098553   --undefined--
3.106447   --undefined--
3.114342   --undefined--
3.122237   --undefined--
3.130132   --undefined--
3.138026   254.861038
3.145921   253.850035
3.153816   248.708480
3.161711   253.224151
3.169605   261.087562
3.177500   266.572472
3.185395   273.293297
3.193289   279.084359
3.201184   279.127921
3.209079   280.850745
3.216974   --undefined--
3.224868   --undefined--
3.232763   --undefined--
3.240658   --undefined--
3.248553   --undefined--
3.256447   --undefined--
3.264342   --undefined--
3.272237   --undefined--
3.280132   --undefined--
3.288026   --undefined--
3.295921   --undefined--
3.303816   --undefined--
3.311711   --undefined--
3.319605   --undefined--
3.327500   --undefined--
3.335395   --undefined--
3.343289   --undefined--
3.351184   --undefined--
3.359079   278.600728
3.366974   271.941816
3.374868   263.495778
3.382763   251.529287
3.390658   237.924076
3.398553   229.251639
3.406447   223.316663
3.414342   219.678439
3.422237   214.649054
3.430132   204.690399
3.438026   --undefined--
3.445921   --undefined--
3.453816   --undefined--
3.461711   --undefined--
3.469605   --undefined--
3.477500   --undefined--
3.485395   --undefined--
3.493289   --undefined--
3.501184   --undefined--
3.509079   --undefined--
3.516974   --undefined--
3.524868   --undefined--
3.532763   --undefined--
3.540658   --undefined--
3.548553   --undefined--
3.556447   --undefined--
3.564342   --undefined--
3.572237   --undefined--
3.580132   --undefined--
3.588026   213.545627
3.595921   196.695868
3.603816   181.352905
3.611711   174.641873
3.619605   170.486504
3.627500   167.234294
3.635395   165.060079
3.643289   163.054053
3.651184   161.360619
3.659079   159.669528
3.666974   158.295590
3.674868   157.165601
3.682763   156.280683
3.690658   155.642264
3.698553   154.426909
3.706447   154.643606
3.714342   155.715830
3.722237   155.662571
3.730132   156.617032
3.738026   156.695181
3.745921   158.044600
3.753816   159.345549
3.761711   160.610820
3.769605   162.176236
3.777500   162.678290
3.785395   162.987622
3.793289   164.711638
3.801184   168.150005
3.809079   172.073375
3.816974   176.867773
3.824868   181.033403
3.832763   183.569320
3.840658   189.329642
3.848553   202.626446
3.856447   210.633260
3.864342   221.458973
3.872237   228.245480
3.880132   234.375299
3.888026   239.812070
3.895921   243.662084
3.903816   243.170177
3.911711   237.321640
3.919605   234.031771
3.927500   --undefined--
3.935395   --undefined--
3.943289   --undefined--
3.951184   --undefined--
3.959079   --undefined--
3.966974   --undefined--
3.974868   --undefined--
3.982763   --undefined--
3.990658   --undefined--
3.998553   --undefined--
4.006447   --undefined--
4.014342   --undefined--
4.022237   --undefined--
4.030132   --undefined--
4.038026   --undefined--
4.045921   --undefined--
4.053816   --undefined--
4.061711   --undefined--
4.069605   --undefined--
4.077500   --undefined--
4.085395   --undefined--
4.093289   --undefined--
4.101184   --undefined--
4.109079   --undefined--
4.116974   --undefined--
4.124868   --undefined--
4.132763   --undefined--
4.140658   --undefined--
4.148553   --undefined--
4.156447   --undefined--
4.164342   --undefined--
4.172237   --undefined--
4.180132   --undefined--
4.188026   --undefined--
4.195921   --undefined--
4.203816   --undefined--
4.211711   --undefined--
4.219605   --undefined--
4.227500   --undefined--
4.235395   --undefined--
4.243289   --undefined--
4.251184   --undefined--
4.259079   --undefined--
4.266974   --undefined--
4.274868   --undefined--
4.282763   --undefined--
4.290658   --undefined--
4.298553   --undefined--
4.306447   --undefined--
4.314342   --undefined--
4.322237   --undefined--
4.330132   --undefined--
4.338026   --undefined--
4.345921   --undefined--
4.353816   --undefined--
4.361711   --undefined--
4.369605   --undefined--
4.377500   --undefined--
4.385395   --undefined--
4.393289   --undefined--
4.401184   --undefined--
4.409079   --undefined--
4.416974   --undefined--
4.424868   --undefined--
4.432763   --undefined--
4.440658   --undefined--
4.448553   --undefined--
4.456447   --undefined--
4.464342   --undefined--
4.472237   --undefined--
4.480132   238.553810
4.488026   244.909542
4.495921   252.033328
4.503816   257.730839
4.511711   262.828257
4.519605   268.380558
4.527500   273.133576
4.535395   274.659432
4.543289   272.439771
4.551184   265.420549
4.559079   --undefined--
4.566974   535.632543
4.574868   562.845768
4.582763   531.124165
4.590658   529.336066
4.598553   530.995526
4.606447   535.460932
4.614342   534.095988
4.622237   528.018136
4.630132   526.461725
4.638026   532.122878
4.645921   --undefined--
4.653816   --undefined--
4.661711   234.133798
4.669605   218.437386
4.677500   207.810791
4.685395   201.147312
4.693289   198.134001
4.701184   196.625443
4.709079   195.014103
4.716974   193.746028
4.724868   193.144511
4.732763   193.635143
4.740658   194.857950
4.748553   196.231604
4.756447   198.287441
4.764342   200.642676
4.772237   203.422084
4.780132   207.593683
4.788026   214.933105
4.795921   224.744750
4.803816   231.160719
4.811711   230.142858
4.819605   226.911010
4.827500   --undefined--
4.835395   --undefined--
4.843289   --undefined--
4.851184   --undefined--
4.859079   --undefined--
4.866974   --undefined--
4.874868   --undefined--
4.882763   --undefined--
4.890658   --undefined--
4.898553   --undefined--
4.906447   --undefined--
4.914342   --undefined--
4.922237   --undefined--
4.930132   --undefined--
4.938026   --undefined--
4.945921   --undefined--
4.953816   514.336241
4.961711   516.442236
4.969605   516.027443
4.977500   --undefined--
4.985395   --undefined--
4.993289   --undefined--
5.001184   --undefined--
5.009079   --undefined--
5.016974   --undefined--
5.024868   --undefined--
5.032763   --undefined--
5.040658   --undefined--
5.048553   --undefined--
5.056447   --undefined--
5.064342   --undefined--
5.072237   --undefined--
5.080132   --undefined--
5.088026   --undefined--
5.095921   --undefined--
5.103816   --undefined--
5.111711   --undefined--
5.119605   --undefined--
5.127500   272.945067
5.135395   256.037908
5.143289   248.381697
5.151184   247.045948
5.159079   246.990573
5.166974   246.082834
5.174868   245.777148
5.182763   249.316851
5.190658   245.499146
5.198553   243.640157
5.206447   240.679602
5.214342   237.687621
5.222237   234.369224
5.230132   231.314906
5.238026   230.430736
5.245921   229.774719
5.253816   229.307101
5.261711   228.116859
5.269605   227.661294
5.277500   227.578855
5.285395   227.439511
5.293289   227.786970
5.301184   227.983717
5.309079   229.927198
5.316974   244.827081
5.324868   243.566944
5.332763   246.946391
5.340658   253.096204
5.348553   259.565542
5.356447   265.825407
5.364342   271.893132
5.372237   278.152273
5.380132   284.394237
5.388026   290.707578
5.395921   297.200942
5.403816   304.012909
5.411711   309.136304
5.419605   315.293745
5.427500   321.885539
5.435395   327.540357
5.443289   330.497303
5.451184   333.436421
5.459079   336.270181
5.466974   344.705140
5.474868   350.423254
5.482763   356.886160
5.490658   360.468014
5.498553   365.297609
5.506447   407.042764
5.514342   --undefined--
5.522237   --undefined--
5.530132   --undefined--
5.538026   --undefined--
5.545921   --undefined--
5.553816   --undefined--
5.561711   --undefined--
5.569605   --undefined--
5.577500   --undefined--
5.585395   --undefined--
5.593289   --undefined--
5.601184   --undefined--
5.609079   --undefined--
5.616974   --undefined--
5.624868   --undefined--
5.632763   --undefined--
5.640658   --undefined--
5.648553   --undefined--
5.656447   --undefined--
5.664342   --undefined--
5.672237   273.917452
5.680132   269.517060
5.688026   267.215353
5.695921   263.751585
5.703816   257.700567
5.711711   --undefined--
5.719605   --undefined--
5.727500   --undefined--
5.735395   --undefined--
5.743289   --undefined--
5.751184   --undefined--
5.759079   --undefined--
5.766974   --undefined--
5.774868   --undefined--
5.782763   --undefined--
5.790658   --undefined--
5.798553   --undefined--
5.806447   --undefined--
5.814342   --undefined--
5.822237   --undefined--
5.830132   294.034203
5.838026   283.974470
5.845921   268.596048
5.853816   256.562843
5.861711   253.772146
5.869605   251.960901
5.877500   253.429039
5.885395   263.015466
5.893289   255.356602
5.901184   256.219124
5.909079   259.566451
5.916974   262.679939
5.924868   267.220571
5.932763   272.355410
5.940658   278.440733
5.948553   283.902599
5.956447   289.447025
5.964342   294.250334
5.972237   300.336388
5.980132   305.530676
5.988026   308.735874
5.995921   308.832675
6.003816   306.560471
6.011711   301.632266
6.019605   --undefined--
6.027500   --undefined--
6.035395   --undefined--
6.043289   --undefined--
6.051184   --undefined--
6.059079   --undefined--
6.066974   --undefined--
6.074868   --undefined--
6.082763   --undefined--
6.090658   --undefined--
6.098553   --undefined--
6.106447   --undefined--
6.114342   --undefined--
6.122237   --undefined--
6.130132   --undefined--
6.138026   --undefined--
6.145921   --undefined--
6.153816   --undefined--
6.161711   --undefined--
6.169605   311.269879
6.177500   297.085513
6.185395   285.011352
6.193289   272.324169
6.201184   261.508580
6.209079   254.342495
6.216974   249.348772
6.224868   247.633966
6.232763   244.838634
6.240658   239.460541
6.248553   236.067760
6.256447   235.495166
6.264342   235.325701
6.272237   235.647783
6.280132   237.162230
6.288026   252.467949
6.295921   --undefined--
6.303816   --undefined--
6.311711   --undefined--
6.319605   --undefined--
6.327500   --undefined--
6.335395   --undefined--
6.343289   --undefined--
6.351184   --undefined--
6.359079   --undefined--
6.366974   --undefined--
6.374868   --undefined--
6.382763   --undefined--
6.390658   --undefined--
6.398553   320.060496
6.406447   324.808823
6.414342   328.789921
6.422237   231.974123
6.430132   236.659743
6.438026   243.332665
6.445921   256.390991
6.453816   263.929414
6.461711   271.243522
6.469605   280.730641
6.477500   290.181521
6.485395   299.355936
6.493289   306.660697
6.501184   314.169661
6.509079   321.737732
6.516974   328.418623
6.524868   331.725672
6.532763   333.039759
6.540658   335.010183
6.548553   335.363861
6.556447   334.033205
6.564342   333.537030
6.572237   331.392253
6.580132   326.917973
6.588026   322.757946
6.595921   318.621390
6.603816   312.468597
6.611711   302.520456
6.619605   296.829745
6.627500   291.997938
6.635395   293.742085
6.643289   214.489993
6.651184   210.471154
6.659079   214.242987
6.666974   217.144241
6.674868   193.047398
6.682763   187.883600
6.690658   182.486278
6.698553   178.553680
6.706447   174.190220
6.714342   169.058862
6.722237   166.488832
6.730132   165.508651
6.738026   165.835463
6.745921   166.800924
6.753816   167.603100
6.761711   169.142064
6.769605   172.214478
6.777500   175.009133
6.785395   177.638258
6.793289   175.506547
6.801184   170.614437
6.809079   170.040338
6.816974   168.657449
6.824868   167.867148
6.832763   167.699373
6.840658   167.183017
6.848553   167.199130
6.856447   167.469167
6.864342   167.405310
6.872237   167.237212
6.880132   166.755534
6.888026   166.765335
6.895921   166.861188
6.903816   166.959651
6.911711   167.337517
6.919605   168.535271
6.927500   175.070665
6.935395   182.538619
6.943289   --undefined--
6.951184   --undefined--
6.959079   --undefined--
6.966974   --undefined--
6.974868   --undefined--
6.982763   --undefined--
6.990658   --undefined--
6.998553   --undefined--
7.006447   --undefined--
7.014342   --undefined--
7.022237   --undefined--
7.030132   --undefined--
7.038026   --undefined--
7.045921   --undefined--
7.053816   --undefined--
7.061711   --undefined--
7.069605   --undefined--
7.077500   --undefined--
7.085395   --undefined--
7.093289   --undefined--
7.101184   --undefined--
7.109079   180.394041
7.116974   172.790079
7.124868   167.451362
7.132763   163.029391
7.140658   160.158998
7.148553   161.840442
7.156447   160.471309
7.164342   160.800348
7.172237   160.701867
7.180132   158.537515
7.188026   158.115833
7.195921   --undefined--
7.203816   --undefined--
7.211711   --undefined--
7.219605   --undefined--
7.227500   --undefined--
7.235395   --undefined--
7.243289   --undefined--
7.251184   --undefined--
7.259079   --undefined--
7.266974   --undefined--
7.274868   --undefined--
7.282763   --undefined--
7.290658   --undefined--
7.298553   --undefined--
7.306447   --undefined--
7.314342   --undefined--
7.322237   --undefined--
7.330132   --undefined--
7.338026   --undefined--
7.345921   293.634163
7.353816   282.297192
7.361711   276.352039
7.369605   274.301668
7.377500   274.000493
7.385395   275.171248
7.393289   277.268876
7.401184   279.419662
7.409079   281.133772
7.416974   282.624963
7.424868   283.626866
7.432763   283.906712
7.440658   283.358950
7.448553   282.895192
7.456447   282.360443
7.464342   281.583038
7.472237   280.679097
7.480132   279.868952
7.488026   279.012602
7.495921   278.247806
7.503816   277.183722
7.511711   275.673534
7.519605   271.600892
7.527500   --undefined--
7.535395   --undefined--
7.543289   --undefined--
7.551184   --undefined--
7.559079   --undefined--
7.566974   --undefined--
7.574868   --undefined--
7.582763   --undefined--
7.590658   --undefined--
7.598553   --undefined--
7.606447   --undefined--
7.614342   --undefined--
7.622237   --undefined--
7.630132   --undefined--
7.638026   --undefined--
7.645921   --undefined--
7.653816   --undefined--
7.661711   --undefined--
7.669605   --undefined--
7.677500   --undefined--
7.685395   --undefined--
7.693289   --undefined--
7.701184   --undefined--
7.709079   --undefined--
7.716974   --undefined--
7.724868   --undefined--
7.732763   --undefined--
7.740658   --undefined--
7.748553   --undefined--
7.756447   --undefined--
7.764342   --undefined--
7.772237   --undefined--
7.780132   --undefined--
7.788026   --undefined--
7.795921   --undefined--
7.803816   --undefined--
7.811711   --undefined--
7.819605   --undefined--
7.827500   188.118347
7.835395   190.859298
7.843289   194.013215
7.851184   197.098488
7.859079   203.062052
7.866974   211.321065
7.874868   217.795737
7.882763   223.571148
7.890658   231.184695
7.898553   240.964330
7.906447   252.077383
7.914342   265.704739
7.922237   278.785929
7.930132   288.672597
7.938026   293.430683
7.945921   --undefined--
7.953816   --undefined--
7.961711   --undefined--
7.969605   --undefined--
7.977500   --undefined--
7.985395   --undefined--
7.993289   --undefined--
8.001184   --undefined--
8.009079   --undefined--
8.016974   --undefined--
8.024868   359.002206
8.032763   332.882605
8.040658   309.859037
8.048553   302.790676
8.056447   294.059878
8.064342   286.247038
8.072237   271.977886
8.080132   261.819091
8.088026   251.737139
8.095921   237.922304
8.103816   227.344259
8.111711   219.724055
8.119605   --undefined--
8.127500   --undefined--
8.135395   --undefined--
8.143289   --undefined--
8.151184   225.437396
8.159079   234.100619
8.166974   231.948226
8.174868   225.237948
8.182763   218.516872
8.190658   213.370941
8.198553   210.223669
8.206447   208.575633
8.214342   208.095988
8.222237   207.890291
8.230132   206.379918
8.238026   204.390936
8.245921   201.444224
8.253816   196.051831
8.261711   203.528931
8.269605   204.578162
8.277500   --undefined--
8.285395   --undefined--
8.293289   --undefined--
8.301184   --undefined--
8.309079   --undefined--
8.316974   --undefined--
8.324868   --undefined--
8.332763   --undefined--
8.340658   --undefined--
8.348553   233.230680
8.356447   227.596729
8.364342   222.202306
8.372237   217.301603
8.380132   211.598243
8.388026   205.319367
8.395921   198.262448
8.403816   186.202133
8.411711   --undefined--
8.419605   --undefined--
8.427500   --undefined--
8.435395   --undefined--
8.443289   --undefined--
8.451184   --undefined--
8.459079   --undefined--
8.466974   --undefined--
8.474868   --undefined--
8.482763   --undefined--
8.490658   --undefined--
8.498553   --undefined--
8.506447   --undefined--
8.514342   --undefined--
8.522237   --undefined--
8.530132   --undefined--
8.538026   --undefined--
8.545921   --undefined--
8.553816   --undefined--
8.561711   --undefined--
8.569605   --undefined--
8.577500   188.499849
8.585395   192.749355
8.593289   199.276544
8.601184   204.531413
8.609079   205.680215
8.616974   203.330667
8.624868   208.059008
8.632763   217.548311
8.640658   222.038875
8.648553   225.239129
8.656447   228.942311
8.664342   230.630200
8.672237   230.389513
8.680132   232.239632
8.688026   238.476955
8.695921   242.491687
8.703816   246.416863
8.711711   247.090940
8.719605   245.789411
8.727500   244.850118
8.735395   244.149541
8.743289   242.407115
8.751184   239.797521
8.759079   235.628019
8.766974   229.693197
8.774868   223.858695
8.782763   218.009164
8.790658   207.916555
8.798553   200.590695
8.806447   197.959519
8.814342   196.127343
8.822237   193.206482
8.830132   190.571818
8.838026   189.535822
8.845921   193.294764
8.853816   206.271099
8.861711   213.418040
8.869605   --undefined--
8.877500   --undefined--
8.885395   --undefined--
8.893289   --undefined--
8.901184   --undefined--
8.909079   --undefined--
8.916974   --undefined--
8.924868   --undefined--
8.932763   --undefined--
8.940658   --undefined--
8.948553   --undefined--
8.956447   --undefined--
8.964342   --undefined--
8.972237   --undefined--
8.980132   --undefined--
8.988026   --undefined--
8.995921   --undefined--
9.003816   --undefined--
9.011711   459.169874
9.019605   460.128300
9.027500   461.846702
9.035395   --undefined--
9.043289   --undefined--
9.051184   --undefined--
9.059079   --undefined--
9.066974   --undefined--
9.074868   --undefined--
9.082763   --undefined--
9.090658   --undefined--
9.098553   --undefined--
9.106447   --undefined--
9.114342   --undefined--
9.122237   --undefined--
9.130132   --undefined--
9.138026   --undefined--
9.145921   --undefined--
9.153816   --undefined--
9.161711   158.753184
9.169605   150.202829
9.177500   144.410316
9.185395   140.511499
9.193289   139.453769
9.201184   137.626541
9.209079   136.950512
9.216974   134.813362
9.224868   132.964638
9.232763   130.719582
9.240658   --undefined--
9.248553   --undefined--
9.256447   --undefined--
9.264342   --undefined--
9.272237   --undefined--
9.280132   --undefined--
9.288026   --undefined--
9.295921   --undefined--
9.303816   --undefined--
9.311711   --undefined--
9.319605   --undefined--
9.327500   --undefined--
9.335395   --undefined--
9.343289   --undefined--
9.351184   --undefined--
9.359079   --undefined--
9.366974   --undefined--
9.374868   185.842167
9.382763   183.635323
9.390658   186.635667
9.398553   191.197671
9.406447   196.848903
9.414342   202.218809
9.422237   206.598761
9.430132   210.319948
9.438026   226.008391
9.445921   236.379224
9.453816   247.421919
9.461711   257.968415
9.469605   267.742216
9.477500   277.212583
9.485395   285.717374
9.493289   294.077880
9.501184   302.521821
9.509079   313.630050
9.516974   318.923923
9.524868   317.672932
9.532763   --undefined--
9.540658   --undefined--
9.548553   --undefined--
9.556447   --undefined--
9.564342   --undefined--
9.572237   --undefined--
9.580132   --undefined--
9.588026   --undefined--
9.595921   --undefined--
9.603816   --undefined--
9.611711   --undefined--
9.619605   --undefined--
9.627500   --undefined--
9.635395   --undefined--
