Time_s   Intensity_dB
0.033750   30.931413
0.041750   37.398250
0.049750   40.155608
0.057750   40.773742
0.065750   40.626894
0.073750   40.271183
0.081750   39.125553
0.089750   38.059054
0.097750   37.623700
0.105750   37.803449
0.113750   38.260698
0.121750   37.772465
0.129750   37.135791
0.137750   36.570146
0.145750   36.263758
0.153750   36.143503
0.161750   35.600485
0.169750   36.456687
0.177750   37.704999
0.185750   37.273244
0.193750   35.550278
0.201750   36.214235
0.209750   37.839773
0.217750   36.947135
0.225750   34.689390
0.233750   33.573087
0.241750   33.395172
0.249750   34.067168
0.257750   35.565793
0.265750   36.355268
0.273750   35.801407
0.281750   34.383812
0.289750   33.797745
0.297750   34.114890
0.305750   33.849414
0.313750   34.156375
0.321750   34.928374
0.329750   34.117766
0.337750   32.884377
0.345750   32.751259
0.353750   32.876620
0.361750   34.266833
0.369750   35.099479
0.377750   34.972576
0.385750   35.285332
0.393750   35.980154
0.401750   37.367801
0.409750   37.849252
0.417750   38.631260
0.425750   40.508142
0.433750   42.514744
0.441750   45.207710
0.449750   47.523974
0.457750   48.693315
0.465750   49.199245
0.473750   48.990703
0.481750   47.748216
0.489750   46.199455
0.497750   45.105819
0.505750   44.469567
0.513750   44.838735
0.521750   45.999267
0.529750   46.508637
0.537750   46.845406
0.545750   48.089602
0.553750   49.183733
0.561750   49.251088
0.569750   48.942097
0.577750   49.873504
0.585750   51.193321
0.593750   52.019023
0.601750   52.630419
0.609750   52.721792
0.617750   52.219994
0.625750   51.440482
0.633750   50.228716
0.641750   48.544553
0.649750   46.951122
0.657750   45.966997
0.665750   45.753053
0.673750   45.058580
0.681750   44.416109
0.689750   43.774589
0.697750   42.954422
0.705750   43.891514
0.713750   47.332880
0.721750   51.147630
0.729750   54.459656
0.737750   57.404187
0.745750   59.516145
0.753750   60.475345
0.761750   60.233050
0.769750   59.282769
0.777750   58.645586
0.785750   58.094366
0.793750   57.563797
0.801750   57.464980
0.809750   57.337173
0.817750   56.597028
0.825750   55.285340
0.833750   54.109471
0.841750   53.840669
0.849750   54.271673
0.857750   55.062356
0.865750   55.736900
0.873750   56.120227
0.881750   56.648404
0.889750   57.131944
0.897750   57.227538
0.905750   57.107380
0.913750   56.676101
0.921750   55.821749
0.929750   54.262751
0.937750   52.763524
0.945750   53.530032
0.953750   54.879517
0.961750   55.638385
0.969750   56.335190
0.977750   57.198047
0.985750   58.478263
0.993750   60.227642
1.001750   62.497550
1.009750   64.125431
1.017750   64.623834
1.025750   64.437128
1.033750   64.133836
1.041750   64.173075
1.049750   64.384585
1.057750   64.681833
1.065750   64.831686
1.073750   64.749562
1.081750   64.756690
1.089750   64.691512
1.097750   64.329730
1.105750   63.935381
1.113750   63.817130
1.121750   64.023064
1.129750   64.194146
1.137750   64.000548
1.145750   63.532939
1.153750   62.938070
1.161750   61.998611
1.169750   60.161293
1.177750   56.754648
1.185750   52.577189
1.193750   50.827512
1.201750   50.473310
1.209750   49.674557
1.217750   48.536988
1.225750   47.538973
1.233750   47.206036
1.241750   47.437089
1.249750   50.783043
1.257750   55.295978
1.265750   58.079134
1.273750   59.305064
1.281750   59.567052
1.289750   59.442379
1.297750   59.517284
1.305750   59.600237
1.313750   59.578452
1.321750   59.529940
1.329750   59.476586
1.337750   59.255182
1.345750   58.629308
1.353750   57.348124
1.361750   55.271078
1.369750   53.269829
1.377750   51.877302
1.385750   50.313497
1.393750   49.240621
1.401750   47.817462
1.409750   47.329865
1.417750   47.723082
1.425750   47.832174
1.433750   48.038012
1.441750   47.849499
1.449750   47.147460
1.457750   46.605473
1.465750   46.106272
1.473750   45.026804
1.481750   43.836110
1.489750   43.243449
1.497750   43.139728
1.505750   42.892320
1.513750   42.733315
1.521750   43.129439
1.529750   43.224163
1.537750   43.185459
1.545750   42.940159
1.553750   42.609985
1.561750   42.607292
1.569750   42.699190
1.577750   43.341771
1.585750   44.256018
1.593750   45.152392
1.601750   48.126340
1.609750   54.169476
1.617750   60.366978
1.625750   65.273971
1.633750   68.170152
1.641750   68.915220
1.649750   68.878807
1.657750   69.775915
1.665750   70.670671
1.673750   70.756389
1.681750   70.349343
1.689750   70.079485
1.697750   70.161504
1.705750   70.265414
1.713750   70.354986
1.721750   70.445935
1.729750   70.234888
1.737750   69.660246
1.745750   68.781111
1.753750   67.630333
1.761750   66.368223
1.769750   65.263019
1.777750   64.534611
1.785750   64.286551
1.793750   64.366322
1.801750   64.691111
1.809750   65.149424
1.817750   65.666738
1.825750   66.135425
1.833750   66.626355
1.841750   67.085946
1.849750   67.686493
1.857750   68.316759
1.865750   68.736965
1.873750   68.923079
1.881750   68.517836
1.889750   67.266365
1.897750   65.147103
1.905750   62.462264
1.913750   60.488557
1.921750   58.781439
1.929750   55.333250
1.937750   50.897718
1.945750   48.902252
1.953750   48.573054
1.961750   47.448004
1.969750   46.116847
1.977750   45.738004
1.985750   45.800935
1.993750   45.144872
2.001750   43.823927
2.009750   42.704850
2.017750   42.498434
2.025750   42.328498
2.033750   41.792884
2.041750   41.255172
2.049750   40.942768
2.057750   41.149025
2.065750   41.055380
2.073750   39.725092
2.081750   37.255317
2.089750   37.010077
2.097750   40.408797
2.105750   42.713454
2.113750   43.297845
2.121750   44.659380
2.129750   47.819315
2.137750   50.675797
2.145750   52.084785
2.153750   52.123021
2.161750   52.037884
2.169750   53.610548
2.177750   56.020224
2.185750   57.466259
2.193750   58.366559
2.201750   59.205682
2.209750   59.635749
2.217750   59.795911
2.225750   60.010744
2.233750   59.897649
2.241750   58.360136
2.249750   54.913212
2.257750   51.596391
2.265750   50.852223
2.273750   50.360175
2.281750   49.889406
2.289750   49.843560
2.297750   50.159181
2.305750   50.438542
2.313750   51.007935
2.321750   51.573048
2.329750   52.105257
2.337750   55.106183
2.345750   60.427671
2.353750   63.819338
2.361750   65.011288
2.369750   65.501455
2.377750   66.301634
2.385750   67.284308
2.393750   68.142832
2.401750   68.720000
2.409750   68.971992
2.417750   69.010454
2.425750   68.914926
2.433750   68.757356
2.441750   68.953528
2.449750   69.384069
2.457750   69.633832
2.465750   69.770147
2.473750   69.976579
2.481750   70.079850
2.489750   69.906403
2.497750   69.462756
2.505750   69.399311
2.513750   69.848386
2.521750   70.216945
2.529750   70.592812
2.537750   70.972944
2.545750   71.269393
2.553750   71.331897
2.561750   70.691911
2.569750   68.892506
2.577750   66.334336
2.585750   64.756991
2.593750   65.380362
2.601750   66.136740
2.609750   65.057751
2.617750   61.768487
2.625750   57.577739
2.633750   54.816025
2.641750   53.478844
2.649750   52.995455
2.657750   53.806446
2.665750   56.525324
2.673750   59.058098
2.681750   60.334927
2.689750   60.430858
2.697750   59.927403
2.705750   59.410346
2.713750   59.002790
2.721750   58.454161
2.729750   57.801643
2.737750   57.206718
2.745750   56.613251
2.753750   55.794133
2.761750   54.322170
2.769750   52.411107
2.777750   51.575014
2.785750   51.712562
2.793750   51.809851
2.801750   51.687202
2.809750   51.167427
2.817750   50.479984
2.825750   49.941985
2.833750   49.806366
2.841750   50.113878
2.849750   50.164892
2.857750   50.039040
2.865750   50.131336
2.873750   50.200117
2.881750   49.706533
2.889750   48.276873
2.897750   45.906209
2.905750   43.359804
2.913750   40.989314
2.921750   38.951640
2.929750   37.441654
2.937750   36.274256
2.945750   35.279664
2.953750   33.692876
2.961750   32.595606
2.969750   33.497867
2.977750   34.051279
2.985750   33.895441
2.993750   32.811431
3.001750   31.738888
3.009750   32.012448
3.017750   31.887048
3.025750   32.011809
3.033750   32.810852
3.041750   33.301098
3.049750   33.614892
3.057750   36.717921
3.065750   42.006211
3.073750   44.556279
3.081750   44.240271
3.089750   44.208052
3.097750   46.896870
3.105750   49.678975
3.113750   52.179741
3.121750   54.443578
3.129750   56.835283
3.137750   58.660432
3.145750   58.992863
3.153750   58.422775
3.161750   58.110251
3.169750   57.665039
3.177750   56.862629
3.185750   56.703557
3.193750   57.001041
3.201750   56.836924
3.209750   56.730429
3.217750   56.306016
3.225750   54.886638
3.233750   52.631298
3.241750   50.905415
3.249750   50.825071
3.257750   50.636277
3.265750   49.180154
3.273750   46.393437
3.281750   42.817789
3.289750   40.937125
3.297750   40.503758
3.305750   39.513635
3.313750   37.491955
3.321750   35.671003
3.329750   34.416971
3.337750   34.632847
3.345750   36.983944
3.353750   38.749020
3.361750   39.910299
3.369750   40.371291
3.377750   40.668901
3.385750   41.224247
3.393750   41.966514
3.401750   42.477798
3.409750   42.569563
3.417750   42.379632
3.425750   42.323022
3.433750   42.313547
3.441750   41.700121
3.449750   41.044224
3.457750   41.272114
3.465750   41.716422
3.473750   41.537360
3.481750   41.247409
3.489750   41.100173
3.497750   40.914572
3.505750   40.482467
3.513750   39.397516
3.521750   37.712928
3.529750   36.300692
3.537750   35.891040
3.545750   34.930857
3.553750   33.738385
3.561750   32.930916
3.569750   32.410206
3.577750   32.189386
3.585750   30.998389
3.593750   31.745755
3.601750   33.625502
3.609750   34.441920
3.617750   34.443500
3.625750   34.720553
3.633750   35.680069
3.641750   36.755306
3.649750   37.576710
3.657750   38.682124
3.665750   39.709133
3.673750   40.142045
3.681750   40.942897
3.689750   46.426445
3.697750   53.777779
3.705750   58.554165
3.713750   60.595016
3.721750   61.156863
3.729750   61.462150
3.737750   61.677306
3.745750   62.100828
3.753750   62.870967
3.761750   63.403759
3.769750   63.167514
3.777750   62.396700
3.785750   61.698865
3.793750   60.995715
3.801750   60.639312
3.809750   60.923422
3.817750   61.411154
3.825750   61.668840
3.833750   61.380107
3.841750   60.331094
3.849750   58.959605
3.857750   59.014074
3.865750   60.679815
3.873750   62.030545
3.881750   61.986357
3.889750   60.795949
3.897750   60.428860
3.905750   62.821893
3.913750   65.283505
3.921750   66.524404
3.929750   67.151380
3.937750   67.605888
3.945750   67.752861
3.953750   67.453550
3.961750   66.702632
3.969750   65.483825
3.977750   63.636969
3.985750   61.127475
3.993750   59.293708
4.001750   58.065125
4.009750   56.370770
4.017750   54.747123
4.025750   52.525928
4.033750   50.021133
4.041750   49.809272
4.049750   49.150636
4.057750   47.582824
4.065750   47.443352
4.073750   47.230151
4.081750   46.876300
4.089750   47.079934
4.097750   47.550792
4.105750   48.058000
4.113750   49.109407
4.121750   50.986703
4.129750   53.301412
4.137750   55.675815
4.145750   57.994235
4.153750   59.918393
4.161750   61.458368
4.169750   62.485198
4.177750   63.238689
4.185750   63.667604
4.193750   63.557469
4.201750   62.922972
4.209750   62.159164
4.217750   61.875252
4.225750   62.020769
4.233750   62.412164
4.241750   63.169102
4.249750   64.127010
4.257750   64.690750
4.265750   63.974817
4.273750   61.752150
4.281750   60.459532
4.289750   60.230183
4.297750   59.039397
4.305750   58.363913
4.313750   57.868495
4.321750   56.765654
4.329750   54.542662
4.337750   51.508014
4.345750   51.079054
4.353750   50.824783
4.361750   48.660732
4.369750   46.544570
4.377750   44.579917
4.385750   42.265653
4.393750   40.781013
4.401750   39.031225
4.409750   37.517130
4.417750   36.401082
4.425750   35.593815
4.433750   34.637887
4.441750   33.539525
4.449750   33.814555
4.457750   34.548730
4.465750   36.385565
4.473750   38.135524
4.481750   38.893988
4.489750   39.380831
4.497750   39.956127
4.505750   41.066044
4.513750   42.974939
4.521750   45.969015
4.529750   51.181577
4.537750   56.620198
4.545750   61.030323
4.553750   64.094861
4.561750   65.611214
4.569750   65.538787
4.577750   64.143135
4.585750   62.608085
4.593750   61.917561
4.601750   61.682720
4.609750   62.028590
4.617750   62.625423
4.625750   62.898515
4.633750   63.434974
4.641750   64.523950
4.649750   66.015581
4.657750   67.398723
4.665750   68.256383
4.673750   68.583929
4.681750   68.398372
4.689750   68.158406
4.697750   68.143615
4.705750   68.075015
4.713750   67.933757
4.721750   68.051378
4.729750   68.474162
4.737750   68.256154
4.745750   66.402399
4.753750   63.091304
4.761750   59.738817
4.769750   57.730297
4.777750   56.371701
4.785750   53.828570
4.793750   50.330864
4.801750   48.603779
4.809750   49.418856
4.817750   50.176295
4.825750   50.096879
4.833750   50.145414
4.841750   51.496345
4.849750   53.638551
4.857750   55.432475
4.865750   56.759722
4.873750   57.802439
4.881750   58.648207
4.889750   59.774267
4.897750   61.263617
4.905750   62.874307
4.913750   64.488219
4.921750   66.092398
4.929750   67.635265
4.937750   68.626074
4.945750   68.228970
4.953750   66.414769
4.961750   64.696542
4.969750   63.997335
4.977750   63.782235
4.985750   64.315893
4.993750   65.403134
5.001750   66.309810
5.009750   66.474553
5.017750   65.662296
5.025750   63.650537
5.033750   60.533106
5.041750   56.867198
5.049750   52.355354
5.057750   48.169915
5.065750   46.640237
5.073750   46.161121
5.081750   44.424035
5.089750   42.322429
5.097750   41.453975
5.105750   40.249819
5.113750   39.370090
5.121750   39.437913
5.129750   39.340971
5.137750   38.264648
5.145750   35.895754
5.153750   34.733923
5.161750   35.658629
5.169750   34.411808
5.177750   32.437132
5.185750   32.165546
5.193750   33.552385
5.201750   41.114157
5.209750   50.033046
5.217750   54.425857
5.225750   54.400373
5.233750   52.461058
5.241750   53.513645
5.249750   55.868132
5.257750   56.668120
5.265750   54.696291
5.273750   50.086998
5.281750   47.509042
5.289750   46.793003
5.297750   44.291611
5.305750   41.759876
5.313750   40.919551
5.321750   40.407192
5.329750   40.646324
5.337750   40.623855
5.345750   41.356682
5.353750   43.206374
5.361750   45.052410
5.369750   46.529118
5.377750   46.904437
5.385750   46.459445
5.393750   46.476255
5.401750   46.965803
5.409750   47.249451
5.417750   47.162145
5.425750   46.949459
5.433750   47.117492
5.441750   47.539976
5.449750   48.585282
5.457750   50.336023
5.465750   52.957699
5.473750   58.143999
5.481750   63.022390
5.489750   65.450753
5.497750   66.639617
5.505750   67.688000
5.513750   68.302262
5.521750   68.623248
5.529750   68.857801
5.537750   68.952425
5.545750   68.847905
5.553750   69.107979
5.561750   69.562354
5.569750   69.665009
5.577750   69.656499
5.585750   69.694550
5.593750   69.666108
5.601750   69.545217
5.609750   69.447889
5.617750   69.387354
5.625750   69.359608
5.633750   69.347847
5.641750   69.323087
5.649750   69.479984
5.657750   69.528688
5.665750   69.162178
5.673750   68.646303
5.681750   68.439533
5.689750   68.674953
5.697750   69.030118
5.705750   69.480546
5.713750   69.565758
5.721750   69.090581
5.729750   68.942683
5.737750   69.465760
5.745750   68.921468
5.753750   66.201512
5.761750   63.522757
5.769750   64.053011
5.777750   65.283717
5.785750   65.475471
5.793750   64.161145
5.801750   61.435558
5.809750   58.605704
5.817750   57.037880
5.825750   56.735939
5.833750   55.304106
5.841750   53.127088
5.849750   53.187999
5.857750   54.638390
5.865750   56.505169
5.873750   58.142646
5.881750   58.593432
5.889750   58.112436
5.897750   57.826846
5.905750   57.535002
5.913750   56.686688
5.921750   55.555688
5.929750   54.335698
5.937750   53.026423
5.945750   51.755257
5.953750   51.060600
5.961750   50.701621
5.969750   50.165608
5.977750   49.474223
5.985750   48.895652
5.993750   48.499602
6.001750   48.294539
6.009750   48.028162
6.017750   47.069486
6.025750   45.429070
6.033750   43.531988
6.041750   42.613988
6.049750   41.756650
6.057750   39.343575
6.065750   37.317262
6.073750   36.806983
6.081750   35.979084
6.089750   34.393424
6.097750   33.536902
6.105750   33.415798
6.113750   33.281733
6.121750   33.527636
6.129750   32.815156
6.137750   32.716214
6.145750   33.476406
6.153750   34.427517
6.161750   34.881983
6.169750   33.892963
6.177750   33.191582
6.185750   34.103407
6.193750   35.896322
6.201750   38.959382
6.209750   40.949619
6.217750   41.743176
6.225750   42.701031
6.233750   44.022132
6.241750   46.104904
6.249750   48.845255
6.257750   51.817442
6.265750   54.432186
6.273750   55.944431
6.281750   56.266642
6.289750   56.038055
6.297750   55.456268
6.305750   54.624046
6.313750   54.510437
6.321750   54.555548
6.329750   54.089686
6.337750   53.067619
6.345750   52.036301
6.353750   51.561381
6.361750   51.385172
6.369750   50.971724
6.377750   49.403855
6.385750   46.497033
6.393750   43.217338
6.401750   40.948166
6.409750   39.240425
6.417750   37.709019
6.425750   37.242460
6.433750   36.977250
6.441750   35.985651
6.449750   35.105622
6.457750   34.469928
6.465750   33.429796
6.473750   33.413370
6.481750   33.740899
6.489750   33.613688
6.497750   32.762607
6.505750   31.800126
6.513750   31.802184
6.521750   31.694072
6.529750   31.504836
6.537750   31.504847
6.545750   31.253926
6.553750   32.262266
6.561750   33.720755
6.569750   33.897894
6.577750   33.671601
6.585750   33.583039
6.593750   32.880093
6.601750   31.820044
6.609750   30.091265
6.617750   29.161598
6.625750   30.823997
6.633750   32.243788
6.641750   33.224852
6.649750   34.215717
6.657750   35.213576
6.665750   35.185368
6.673750   33.908989
6.681750   33.364041
6.689750   32.677515
6.697750   31.734999
6.705750   32.680632
6.713750   32.697094
6.721750   32.748565
6.729750   32.263830
6.737750   31.710195
6.745750   32.111462
6.753750   30.910899
6.761750   29.327601
6.769750   29.798291
6.777750   30.713685
6.785750   32.139433
6.793750   32.327340
6.801750   30.884305
6.809750   30.065460
6.817750   29.746672
6.825750   30.443934
6.833750   30.474041
6.841750   29.518306
6.849750   30.306041
6.857750   30.929761
6.865750   30.621267
6.873750   30.065062
6.881750   30.331207
6.889750   31.512581
6.897750   33.744390
6.905750   38.589559
6.913750   41.335709
6.921750   40.348316
6.929750   37.054362
6.937750   34.478864
6.945750   32.296130
6.953750   31.489572
6.961750   32.106876
6.969750   36.064011
6.977750   42.098002
6.985750   44.462863
6.993750   43.351583
7.001750   40.175432
7.009750   37.592158
7.017750   36.831402
7.025750   33.773542
7.033750   33.202517
7.041750   34.447956
7.049750   33.903566
7.057750   33.982788
7.065750   34.923582
7.073750   35.904224
7.081750   36.262163
7.089750   35.789286
7.097750   35.238379
7.105750   34.835525
7.113750   35.048187
7.121750   35.785443
7.129750   34.553233
7.137750   32.670527
7.145750   32.129285
7.153750   32.180014
7.161750   33.177070
7.169750   33.189607
7.177750   31.607892
7.185750   30.756463
7.193750   30.218194
7.201750   30.320275
7.209750   30.334622
7.217750   30.474497
7.225750   32.231036
7.233750   34.640184
7.241750   40.134305
7.249750   44.249079
7.257750   46.421819
7.265750   47.482719
7.273750   48.168099
7.281750   48.867422
7.289750   49.399010
7.297750   49.076098
7.305750   48.339791
7.313750   48.208019
7.321750   48.346828
7.329750   48.458897
7.337750   48.900901
7.345750   48.887587
7.353750   48.848252
7.361750   49.814457
7.369750   50.817632
7.377750   51.392893
7.385750   51.742001
7.393750   52.028551
7.401750   52.540830
7.409750   53.353562
7.417750   53.987910
7.425750   54.017829
7.433750   53.843193
7.441750   54.151239
7.449750   54.577295
7.457750   55.536755
7.465750   57.347317
7.473750   59.264606
7.481750   60.882151
7.489750   62.159187
7.497750   63.464960
7.505750   64.607997
7.513750   65.117319
7.521750   64.909433
7.529750   64.186168
7.537750   63.666068
7.545750   63.868571
7.553750   63.911514
7.561750   62.974006
7.569750   61.009506
7.577750   57.867145
7.585750   53.431312
7.593750   49.425498
7.601750   47.644101
7.609750   46.138934
7.617750   43.973792
7.625750   43.378379
7.633750   43.733213
7.641750   42.163231
7.649750   38.990245
7.657750   38.274631
7.665750   44.168044
7.673750   50.487881
7.681750   54.400006
7.689750   56.740483
7.697750   58.221009
7.705750   58.152805
7.713750   55.738930
7.721750   51.898773
7.729750   49.616590
7.737750   49.680400
7.745750   51.394023
7.753750   53.004915
7.761750   55.674719
7.769750   59.440841
7.777750   63.238050
7.785750   66.996185
7.793750   69.266933
7.801750   69.344289
7.809750   67.937410
7.817750   67.283773
7.825750   67.727279
7.833750   67.913558
7.841750   67.824990
7.849750   67.302684
7.857750   65.570511
7.865750   61.868601
7.873750   56.279335
7.881750   51.752938
7.889750   50.681281
7.897750   50.741423
7.905750   50.461531
7.913750   49.357891
7.921750   47.143818
7.929750   45.022360
7.937750   44.422889
7.945750   44.152633
7.953750   43.716961
7.961750   43.349842
7.969750   42.922201
7.977750   42.018168
7.985750   40.337446
7.993750   38.689187
8.001750   37.733536
8.009750   37.278547
8.017750   36.705273
8.025750   36.191751
8.033750   35.741789
8.041750   36.248664
8.049750   36.903300
8.057750   38.224553
8.065750   39.256512
8.073750   39.054768
8.081750   38.841424
8.089750   39.120180
8.097750   39.824185
8.105750   40.442927
8.113750   42.087072
8.121750   44.496539
8.129750   46.552510
8.137750   49.612414
8.145750   52.878403
8.153750   55.504610
8.161750   57.674847
8.169750   59.666854
8.177750   61.225469
8.185750   61.811020
8.193750   61.391883
8.201750   60.864792
8.209750   60.901472
8.217750   60.983595
8.225750   61.010271
8.233750   60.973495
8.241750   60.236994
8.249750   58.389674
8.257750   55.767068
8.265750   53.058515
8.273750   52.361180
8.281750   52.605448
8.289750   50.847651
8.297750   49.184941
8.305750   49.148541
8.313750   48.873619
8.321750   47.827826
8.329750   46.446574
8.337750   46.216052
8.345750   45.856005
8.353750   44.521993
8.361750   42.938220
8.369750   41.932880
8.377750   41.977671
8.385750   42.394488
8.393750   43.169346
8.401750   43.807522
8.409750   44.462297
8.417750   45.286230
8.425750   45.658769
8.433750   45.366688
8.441750   44.574678
8.449750   43.608522
8.457750   42.545178
8.465750   41.257969
8.473750   40.422230
8.481750   40.007211
8.489750   41.354292
8.497750   42.791108
8.505750   43.298711
8.513750   43.422394
8.521750   43.602389
8.529750   44.146908
8.537750   44.871029
8.545750   45.554910
8.553750   45.214826
8.561750   44.871538
8.569750   45.569726
8.577750   47.804561
8.585750   52.040488
8.593750   55.889820
8.601750   58.403473
8.609750   59.045675
8.617750   58.140801
8.625750   56.975832
8.633750   56.624589
8.641750   56.883051
8.649750   57.466001
8.657750   57.974250
8.665750   57.469284
8.673750   55.334540
8.681750   51.813579
8.689750   47.919410
8.697750   45.260480
8.705750   44.101274
8.713750   43.551558
8.721750   43.647676
8.729750   43.932738
8.737750   44.538014
8.745750   45.379919
8.753750   45.536974
8.761750   45.006236
8.769750   44.464548
8.777750   44.463985
8.785750   45.289016
8.793750   46.005461
8.801750   46.076165
8.809750   46.544528
8.817750   48.032813
8.825750   49.786338
8.833750   51.067881
8.841750   51.667574
8.849750   51.902551
8.857750   54.083157
8.865750   58.447101
8.873750   61.770007
8.881750   64.064587
8.889750   65.623919
8.897750   66.311879
8.905750   66.274845
8.913750   66.339601
8.921750   66.809243
8.929750   67.377954
8.937750   68.227364
8.945750   68.938799
8.953750   69.236203
8.961750   69.352082
8.969750   69.406349
8.977750   69.295434
8.985750   69.325244
8.993750   69.716346
9.001750   70.025129
9.009750   70.257089
9.017750   70.470440
9.025750   70.561363
9.033750   70.510734
9.041750   70.491875
9.049750   70.582470
9.057750   70.673380
9.065750   70.635752
9.073750   70.404283
9.081750   70.199746
9.089750   70.296349
9.097750   70.625305
9.105750   71.103182
9.113750   71.738118
9.121750   71.522575
9.129750   69.454262
9.137750   66.193319
9.145750   63.172521
9.153750   59.731465
9.161750   57.076944
9.169750   56.764050
9.177750   56.328792
9.185750   55.188466
9.193750   56.020163
9.201750   58.648315
9.209750   60.973151
9.217750   62.340759
9.225750   62.633985
9.233750   63.067446
9.241750   63.481184
9.249750   62.793916
9.257750   60.798374
9.265750   57.560237
9.273750   53.864669
9.281750   51.188744
9.289750   49.905450
9.297750   51.114814
9.305750   52.434174
9.313750   52.333560
9.321750   51.264842
9.329750   50.384595
9.337750   50.296951
9.345750   50.678283
9.353750   51.316756
9.361750   51.872362
9.369750   52.049037
9.377750   51.384996
9.385750   49.556545
9.393750   46.980796
9.401750   45.734096
9.409750   45.666334
9.417750   45.302103
9.425750   45.107992
9.433750   44.812587
9.441750   44.313021
9.449750   44.603076
9.457750   45.461057
9.465750   45.596698
9.473750   48.768988
9.481750   54.478743
9.489750   57.552745
9.497750   57.423288
9.505750   54.474369
9.513750   50.810527
9.521750   50.213037
9.529750   52.624214
9.537750   56.006530
9.545750   58.130824
9.553750   58.695690
9.561750   58.645426
9.569750   58.563778
9.577750   58.106559
9.585750   56.728805
9.593750   54.893846
9.601750   53.486733
9.609750   52.487515
9.617750   52.572281
9.625750   53.276944
9.633750   53.751354
9.641750   54.366913
9.649750   55.923958
9.657750   57.743308
