Time_s   F0_Hz
0.019605   --undefined--
0.027500   --undefined--
0.035395   --undefined--
0.043289   --undefined--
0.051184   --undefined--
0.059079   410.289940
0.066974   402.843495
0.074868   408.358750
0.082763   416.829161
0.090658   426.337021
0.098553   434.243941
0.106447   435.377893
0.114342   436.338249
0.122237   435.874835
0.130132   434.824185
0.138026   435.349067
0.145921   428.001265
0.153816   427.068383
0.161711   439.134387
0.169605   442.182049
0.177500   446.185989
0.185395   448.653998
0.193289   440.291124
0.201184   414.319033
0.209079   414.194814
0.216974   --undefined--
0.224868   --undefined--
0.232763   --undefined--
0.240658   --undefined--
0.248553   --undefined--
0.256447   --undefined--
0.264342   --undefined--
0.272237   --undefined--
0.280132   --undefined--
0.288026   --undefined--
0.295921   273.136783
0.303816   261.654774
0.311711   240.803670
0.319605   214.162212
0.327500   194.510129
0.335395   189.712466
0.343289   185.038967
0.351184   184.152614
0.359079   183.118019
0.366974   179.971423
0.374868   178.385207
0.382763   176.568800
0.390658   175.761987
0.398553   175.633002
0.406447   176.059952
0.414342   177.510060
0.422237   178.615428
0.430132   179.917380
0.438026   181.998722
0.445921   184.744539
0.453816   192.135818
0.461711   198.379831
0.469605   203.250795
0.477500   221.236321
0.485395   229.126961
0.493289   243.648667
0.501184   250.703629
0.509079   257.443820
0.516974   264.428254
0.524868   278.522722
0.532763   291.978185
0.540658   306.022274
0.548553   319.358698
0.556447   331.160176
0.564342   352.714596
0.572237   353.047666
0.580132   360.368635
0.588026   --undefined--
0.595921   --undefined--
0.603816   --undefined--
0.611711   --undefined--
0.619605   --undefined--
0.627500   --undefined--
0.635395   --undefined--
0.643289   --undefined--
0.651184   --undefined--
0.659079   --undefined--
0.666974   --undefined--
0.674868   --undefined--
0.682763   --undefined--
0.690658   --undefined--
0.698553   --undefined--
0.706447   --undefined--
0.714342   --undefined--
0.722237   --undefined--
0.730132   --undefined--
0.738026   --undefined--
0.745921   --undefined--
0.753816   --undefined--
0.761711   --undefined--
0.769605   --undefined--
0.777500   --undefined--
0.785395   --undefined--
0.793289   --undefined--
0.801184   --undefined--
0.809079   --undefined--
0.816974   --undefined--
0.824868   --undefined--
0.832763   --undefined--
0.840658   --undefined--
0.848553   --undefined--
0.856447   --undefined--
0.864342   --undefined--
0.872237   --undefined--
0.880132   --undefined--
0.888026   --undefined--
0.895921   193.197428
0.903816   191.026842
0.911711   188.820612
0.919605   188.311494
0.927500   188.740471
0.935395   188.500547
0.943289   183.054291
0.951184   183.818911
0.959079   189.523608
0.966974   189.613330
0.974868   190.149285
0.982763   189.839479
0.990658   187.916488
0.998553   185.844568
1.006447   185.489339
1.014342   184.501284
1.022237   184.099128
1.030132   181.807799
1.038026   183.224405
1.045921   183.564785
1.053816   182.996654
1.061711   182.283704
1.069605   182.653075
1.077500   183.367287
1.085395   184.152656
1.093289   183.373842
1.101184   181.770092
1.109079   180.854103
1.116974   180.039865
1.124868   180.282676
1.132763   181.708033
1.140658   184.319999
1.148553   186.574022
1.156447   187.290103
1.164342   187.166595
1.172237   186.558402
1.180132   186.207678
1.188026   187.514510
1.195921   189.435269
1.203816   191.115099
1.211711   192.863138
1.219605   194.565967
1.227500   196.567184
1.235395   198.974902
1.243289   201.409560
1.251184   203.018063
1.259079   205.531982
1.266974   207.894202
1.274868   208.275516
1.282763   207.933977
1.290658   215.038306
1.298553   214.688661
1.306447   215.242110
1.314342   215.124671
1.322237   214.561654
1.330132   211.712897
1.338026   211.152015
1.345921   204.137844
1.353816   203.499413
1.361711   200.243092
1.369605   200.988441
1.377500   191.455135
1.385395   185.718406
1.393289   181.273900
1.401184   176.440191
1.409079   173.483116
1.416974   173.161607
1.424868   172.960800
1.432763   173.630977
1.440658   174.376556
1.448553   175.215061
1.456447   175.729378
1.464342   173.284499
1.472237   --undefined--
1.480132   --undefined--
1.488026   --undefined--
1.495921   --undefined--
1.503816   --undefined--
1.511711   --undefined--
1.519605   --undefined--
1.527500   --undefined--
1.535395   --undefined--
1.543289   --undefined--
1.551184   --undefined--
1.559079   --undefined--
1.566974   --undefined--
1.574868   --undefined--
1.582763   --undefined--
1.590658   --undefined--
1.598553   --undefined--
1.606447   --undefined--
1.614342   --undefined--
1.622237   --undefined--
1.630132   --undefined--
1.638026   --undefined--
1.645921   --undefined--
1.653816   200.152746
1.661711   193.130848
1.669605   184.880146
1.677500   177.291514
1.685395   173.021827
1.693289   171.047758
1.701184   170.283655
1.709079   169.436438
1.716974   169.513458
1.724868   170.312837
1.732763   171.559207
1.740658   174.978181
1.748553   180.478974
1.756447   186.202487
1.764342   192.797161
1.772237   198.280467
1.780132   214.717008
1.788026   236.354199
1.795921   251.929569
1.803816   272.994619
1.811711   288.099348
1.819605   311.028067
1.827500   322.438440
1.835395   323.445330
1.843289   --undefined--
1.851184   --undefined--
1.859079   --undefined--
1.866974   --undefined--
1.874868   --undefined--
1.882763   --undefined--
1.890658   --undefined--
1.898553   --undefined--
1.906447   --undefined--
1.914342   --undefined--
1.922237   --undefined--
1.930132   --undefined--
1.938026   --undefined--
1.945921   --undefined--
1.953816   --undefined--
1.961711   --undefined--
1.969605   --undefined--
1.977500   --undefined--
1.985395   --undefined--
1.993289   --undefined--
2.001184   177.528773
2.009079   178.547362
2.016974   173.955782
2.024868   168.050350
2.032763   163.115790
2.040658   160.325774
2.048553   157.542875
2.056447   --undefined--
2.064342   --undefined--
2.072237   --undefined--
2.080132   --undefined--
2.088026   --undefined--
2.095921   --undefined--
2.103816   --undefined--
2.111711   --undefined--
2.119605   --undefined--
2.127500   --undefined--
2.135395   --undefined--
2.143289   --undefined--
2.151184   --undefined--
2.159079   --undefined--
2.166974   168.410873
2.174868   168.088959
2.182763   170.932738
2.190658   169.835757
2.198553   169.712636
2.206447   171.954848
2.214342   172.672593
2.222237   173.235641
2.230132   175.057585
2.238026   177.869284
2.245921   187.713814
2.253816   202.731425
2.261711   205.475546
2.269605   --undefined--
2.277500   --undefined--
2.285395   --undefined--
2.293289   --undefined--
2.301184   --undefined--
2.309079   --undefined--
2.316974   --undefined--
2.324868   --undefined--
2.332763   --undefined--
2.340658   --undefined--
2.348553   --undefined--
2.356447   --undefined--
2.364342   --undefined--
2.372237   --undefined--
2.380132   --undefined--
2.388026   --undefined--
2.395921   --undefined--
2.403816   --undefined--
2.411711   --undefined--
2.419605   177.444641
2.427500   167.742183
2.435395   163.679106
2.443289   162.204641
2.451184   159.133743
2.459079   157.310153
2.466974   157.555526
2.474868   157.943525
2.482763   158.770599
2.490658   158.105251
2.498553   155.989650
2.506447   156.163028
2.514342   156.964014
2.522237   160.510659
2.530132   164.978622
2.538026   164.823423
2.545921   160.171354
2.553816   157.914281
2.561711   156.845209
2.569605   153.818937
2.577500   152.021426
2.585395   152.206984
2.593289   153.537075
2.601184   154.970358
2.609079   155.291057
2.616974   156.696360
2.624868   157.369075
2.632763   158.326003
2.640658   158.957309
2.648553   160.810127
2.656447   161.159603
2.664342   161.319409
2.672237   162.016085
2.680132   163.485070
2.688026   167.295400
2.695921   175.534541
2.703816   183.563942
2.711711   191.417333
2.719605   201.054131
2.727500   214.269619
2.735395   226.167684
2.743289   240.015700
2.751184   256.723594
2.759079   275.909921
2.766974   293.613581
2.774868   308.221310
2.782763   317.216201
2.790658   325.546101
2.798553   --undefined--
2.806447   --undefined--
2.814342   --undefined--
2.822237   --undefined--
2.830132   --undefined--
2.838026   --undefined--
2.845921   --undefined--
2.853816   --undefined--
2.861711   --undefined--
2.869605   --undefined--
2.877500   --undefined--
2.885395   --undefined--
2.893289   --undefined--
2.901184   --undefined--
2.909079   --undefined--
2.916974   --undefined--
2.924868   --undefined--
2.932763   --undefined--
2.940658   --undefined--
2.948553   --undefined--
2.956447   --undefined--
2.964342   --undefined--
2.972237   240.915657
2.980132   227.927365
2.988026   217.940911
2.995921   209.740631
3.003816   205.884077
3.011711   203.543526
3.019605   201.713536
3.027500   200.424764
3.035395   198.998601
3.043289   197.701043
3.051184   196.879002
3.059079   193.490737
3.066974   --undefined--
3.074868   --undefined--
3.082763   --undefined--
3.090658   --undefined--
3.098553   --undefined--
3.106447   --undefined--
3.114342   --undefined--
3.122237   --undefined--
3.130132   --undefined--
3.138026   255.002166
3.145921   252.825561
3.153816   250.818142
3.161711   252.843142
3.169605   257.608238
3.177500   267.841678
3.185395   270.594000
3.193289   275.018240
3.201184   283.463156
3.209079   284.600949
3.216974   --undefined--
3.224868   --undefined--
3.232763   --undefined--
3.240658   --undefined--
3.248553   --undefined--
3.256447   --undefined--
3.264342   --undefined--
3.272237   --undefined--
3.280132   --undefined--
3.288026   --undefined--
3.295921   --undefined--
3.303816   --undefined--
3.311711   --undefined--
3.319605   --undefined--
3.327500   --undefined--
3.335395   --undefined--
3.343289   --undefined--
3.351184   --undefined--
3.359079   278.836975
3.366974   275.441901
3.374868   261.299762
3.382763   245.306360
3.390658   236.282615
3.398553   226.285609
3.406447   225.399653
3.414342   221.324556
3.422237   214.915866
3.430132   214.251377
3.438026   --undefined--
3.445921   --undefined--
3.453816   --undefined--
3.461711   --undefined--
3.469605   --undefined--
3.477500   --undefined--
3.485395   --undefined--
3.493289   --undefined--
3.501184   --undefined--
3.509079   --undefined--
3.516974   --undefined--
3.524868   --undefined--
3.532763   --undefined--
3.540658   --undefined--
3.548553   --undefined--
3.556447   --undefined--
3.564342   --undefined--
3.572237   --undefined--
3.580132   --undefined--
3.588026   213.981754
3.595921   196.999673
3.603816   180.635191
3.611711   173.235927
3.619605   170.706252
3.627500   167.670492
3.635395   165.475013
3.643289   162.877100
3.651184   161.479031
3.659079   159.585688
3.666974   157.387105
3.674868   156.576285
3.682763   155.471124
3.690658   156.156979
3.698553   154.549146
3.706447   153.864499
3.714342   154.345857
3.722237   154.408201
3.730132   157.519648
3.738026   157.370610
3.745921   156.856373
3.753816   159.654943
3.761711   161.547810
3.769605   162.245826
3.777500   161.958910
3.785395   161.774533
3.793289   166.037335
3.801184   167.141936
3.809079   171.715042
3.816974   176.938199
3.824868   181.640937
3.832763   181.999752
3.840658   190.155896
3.848553   201.591550
3.856447   209.262946
3.864342   217.809975
3.872237   229.673749
3.880132   230.944596
3.888026   232.096985
3.895921   237.172506
3.903816   236.388585
3.911711   228.491536
3.919605   --undefined--
3.927500   --undefined--
3.935395   --undefined--
3.943289   --undefined--
3.951184   --undefined--
3.959079   --undefined--
3.966974   --undefined--
3.974868   --undefined--
3.982763   --undefined--
3.990658   --undefined--
3.998553   --undefined--
4.006447   --undefined--
4.014342   --undefined--
4.022237   --undefined--
4.030132   --undefined--
4.038026   --undefined--
4.045921   --undefined--
4.053816   --undefined--
4.061711   --undefined--
4.069605   --undefined--
4.077500   --undefined--
4.085395   --undefined--
4.093289   --undefined--
4.101184   --undefined--
4.109079   --undefined--
4.116974   --undefined--
4.124868   --undefined--
4.132763   --undefined--
4.140658   --undefined--
4.148553   --undefined--
4.156447   --undefined--
4.164342   --undefined--
4.172237   --undefined--
4.180132   --undefined--
4.188026   --undefined--
4.195921   --undefined--
4.203816   --undefined--
4.211711   --undefined--
4.219605   --undefined--
4.227500   --undefined--
4.235395   --undefined--
4.243289   --undefined--
4.251184   --undefined--
4.259079   --undefined--
4.266974   --undefined--
4.274868   --undefined--
4.282763   --undefined--
4.290658   --undefined--
4.298553   --undefined--
4.306447   --undefined--
4.314342   --undefined--
4.322237   --undefined--
4.330132   --undefined--
4.338026   --undefined--
4.345921   --undefined--
4.353816   --undefined--
4.361711   --undefined--
4.369605   --undefined--
4.377500   --undefined--
4.385395   --undefined--
4.393289   --undefined--
4.401184   --undefined--
4.409079   --undefined--
4.416974   --undefined--
4.424868   --undefined--
4.432763   --undefined--
4.440658   --undefined--
4.448553   --undefined--
4.456447   --undefined--
4.464342   --undefined--
4.472237   --undefined--
4.480132   239.673104
4.488026   245.497698
4.495921   251.720471
4.503816   257.861434
4.511711   263.065737
4.519605   268.158411
4.527500   273.155764
4.535395   274.688514
4.543289   272.382075
4.551184   260.671703
4.559079   --undefined--
4.566974   --undefined--
4.574868   --undefined--
4.582763   --undefined--
4.590658   --undefined--
4.598553   --undefined--
4.606447   --undefined--
4.614342   --undefined--
4.622237   --undefined--
4.630132   --undefined--
4.638026   --undefined--
4.645921   --undefined--
4.653816   --undefined--
4.661711   232.185590
4.669605   218.948922
4.677500   206.747111
4.685395   201.000527
4.693289   198.242247
4.701184   196.712546
4.709079   195.401672
4.716974   192.980116
4.724868   193.120470
4.732763   193.777534
4.740658   194.378738
4.748553   196.985049
4.756447   198.338817
4.764342   200.617883
4.772237   203.823243
4.780132   207.728913
4.788026   215.798010
4.795921   223.603722
4.803816   229.161504
4.811711   230.077828
4.819605   226.952618
4.827500   --undefined--
4.835395   --undefined--
4.843289   --undefined--
4.851184   --undefined--
4.859079   --undefined--
4.866974   --undefined--
4.874868   --undefined--
4.882763   --undefined--
4.890658   --undefined--
4.898553   --undefined--
4.906447   --undefined--
4.914342   --undefined--
4.922237   --undefined--
4.930132   --undefined--
4.938026   --undefined--
4.945921   --undefined--
4.953816   --undefined--
4.961711   --undefined--
4.969605   --undefined--
4.977500   --undefined--
4.985395   --undefined--
4.993289   --undefined--
5.001184   --undefined--
5.009079   --undefined--
5.016974   --undefined--
5.024868   --undefined--
5.032763   --undefined--
5.040658   --undefined--
5.048553   --undefined--
5.056447   --undefined--
5.064342   --undefined--
5.072237   --undefined--
5.080132   --undefined--
5.088026   --undefined--
5.095921   --undefined--
5.103816   --undefined--
5.111711   --undefined--
5.119605   --undefined--
5.127500   271.374579
5.135395   257.366932
5.143289   248.347986
5.151184   247.155241
5.159079   246.778830
5.166974   246.279223
5.174868   250.196039
5.182763   252.332915
5.190658   249.414072
5.198553   242.330276
5.206447   244.713260
5.214342   238.178536
5.222237   236.988451
5.230132   236.442624
5.238026   230.187798
5.245921   230.707581
5.253816   228.842961
5.261711   225.802970
5.269605   228.119105
5.277500   227.691227
5.285395   228.033807
5.293289   228.103499
5.301184   226.228571
5.309079   231.655439
5.316974   245.232397
5.324868   243.793279
5.332763   246.769736
5.340658   253.266315
5.348553   259.848359
5.356447   265.713190
5.364342   272.189808
5.372237   278.166327
5.380132   284.244439
5.388026   290.535638
5.395921   297.170963
5.403816   303.409665
5.411711   309.146712
5.419605   314.954769
5.427500   322.883232
5.435395   327.515696
5.443289   330.944241
5.451184   333.449137
5.459079   333.834801
5.466974   342.521439
5.474868   351.227602
5.482763   356.763949
5.490658   357.621989
5.498553   359.258083
5.506447   --undefined--
5.514342   --undefined--
5.522237   --undefined--
5.530132   --undefined--
5.538026   --undefined--
5.545921   --undefined--
5.553816   --undefined--
5.561711   --undefined--
5.569605   --undefined--
5.577500   --undefined--
5.585395   --undefined--
5.593289   --undefined--
5.601184   --undefined--
5.609079   --undefined--
5.616974   --undefined--
5.624868   --undefined--
5.632763   --undefined--
5.640658   --undefined--
5.648553   --undefined--
5.656447   --undefined--
5.664342   --undefined--
5.672237   272.943480
5.680132   270.202990
5.688026   267.970047
5.695921   263.089301
5.703816   256.742487
5.711711   --undefined--
5.719605   --undefined--
5.727500   --undefined--
5.735395   --undefined--
5.743289   --undefined--
5.751184   --undefined--
5.759079   --undefined--
5.766974   --undefined--
5.774868   --undefined--
5.782763   --undefined--
5.790658   --undefined--
5.798553   --undefined--
5.806447   --undefined--
5.814342   --undefined--
5.822237   --undefined--
5.830132   --undefined--
5.838026   284.417976
5.845921   263.823411
5.853816   260.811029
5.861711   259.070890
5.869605   257.012836
5.877500   256.067103
5.885395   264.632626
5.893289   255.003932
5.901184   255.847004
5.909079   259.485444
5.916974   262.840134
5.924868   267.140105
5.932763   272.135070
5.940658   278.550692
5.948553   283.798733
5.956447   289.034299
5.964342   294.134121
5.972237   300.747317
5.980132   304.639536
5.988026   307.929893
5.995921   308.660175
6.003816   306.797488
6.011711   308.093826
6.019605   --undefined--
6.027500   --undefined--
6.035395   --undefined--
6.043289   --undefined--
6.051184   --undefined--
6.059079   --undefined--
6.066974   --undefined--
6.074868   --undefined--
6.082763   --undefined--
6.090658   --undefined--
6.098553   --undefined--
6.106447   --undefined--
6.114342   --undefined--
6.122237   --undefined--
6.130132   --undefined--
6.138026   --undefined--
6.145921   --undefined--
6.153816   --undefined--
6.161711   --undefined--
6.169605   --undefined--
6.177500   297.206659
6.185395   285.526918
6.193289   272.610412
6.201184   261.158994
6.209079   254.199933
6.216974   249.447208
6.224868   246.672647
6.232763   244.618062
6.240658   239.566660
6.248553   234.065944
6.256447   236.042933
6.264342   236.735791
6.272237   237.111119
6.280132   239.700826
6.288026   --undefined--
6.295921   --undefined--
6.303816   --undefined--
6.311711   --undefined--
6.319605   --undefined--
6.327500   --undefined--
6.335395   --undefined--
6.343289   --undefined--
6.351184   --undefined--
6.359079   --undefined--
6.366974   --undefined--
6.374868   --undefined--
6.382763   --undefined--
6.390658   --undefined--
6.398553   --undefined--
6.406447   --undefined--
6.414342   --undefined--
6.422237   231.487101
6.430132   237.160087
6.438026   243.417626
6.445921   256.409394
6.453816   263.637096
6.461711   271.324075
6.469605   280.894418
6.477500   290.133533
6.485395   299.427401
6.493289   306.647146
6.501184   314.182600
6.509079   321.574587
6.516974   328.324270
6.524868   331.713611
6.532763   333.087257
6.540658   335.146653
6.548553   335.630196
6.556447   333.885149
6.564342   333.553723
6.572237   331.595845
6.580132   326.856457
6.588026   322.771007
6.595921   318.380940
6.603816   312.376025
6.611711   302.372262
6.619605   297.442834
6.627500   291.394412
6.635395   --undefined--
6.643289   --undefined--
6.651184   --undefined--
6.659079   --undefined--
6.666974   --undefined--
6.674868   --undefined--
6.682763   188.131418
6.690658   182.018554
6.698553   179.363136
6.706447   174.324918
6.714342   169.668041
6.722237   166.420629
6.730132   165.717027
6.738026   165.855094
6.745921   167.042147
6.753816   167.795694
6.761711   169.061369
6.769605   172.088271
6.777500   175.103779
6.785395   177.775607
6.793289   175.553856
6.801184   171.165183
6.809079   169.798000
6.816974   168.878379
6.824868   167.761647
6.832763   167.278857
6.840658   166.962909
6.848553   167.330124
6.856447   167.551635
6.864342   167.179136
6.872237   167.557028
6.880132   167.119554
6.888026   166.856773
6.895921   166.824541
6.903816   166.676244
6.911711   167.698835
6.919605   168.675126
6.927500   174.630879
6.935395   179.297191
6.943289   --undefined--
6.951184   --undefined--
6.959079   --undefined--
6.966974   --undefined--
6.974868   --undefined--
6.982763   --undefined--
6.990658   --undefined--
6.998553   --undefined--
7.006447   --undefined--
7.014342   --undefined--
7.022237   --undefined--
7.030132   --undefined--
7.038026   --undefined--
7.045921   --undefined--
7.053816   --undefined--
7.061711   --undefined--
7.069605   --undefined--
7.077500   --undefined--
7.085395   --undefined--
7.093289   --undefined--
7.101184   --undefined--
7.109079   --undefined--
7.116974   173.511120
7.124868   165.807549
7.132763   164.468650
7.140658   155.591709
7.148553   157.285838
7.156447   158.481761
7.164342   158.710490
7.172237   157.968859
7.180132   --undefined--
7.188026   --undefined--
7.195921   --undefined--
7.203816   --undefined--
7.211711   --undefined--
7.219605   --undefined--
7.227500   --undefined--
7.235395   --undefined--
7.243289   --undefined--
7.251184   --undefined--
7.259079   --undefined--
7.266974   --undefined--
7.274868   --undefined--
7.282763   --undefined--
7.290658   --undefined--
7.298553   --undefined--
7.306447   --undefined--
7.314342   --undefined--
7.322237   --undefined--
7.330132   --undefined--
7.338026   --undefined--
7.345921   291.609912
7.353816   281.653669
7.361711   276.609017
7.369605   274.228884
7.377500   273.880435
7.385395   275.450075
7.393289   277.307678
7.401184   279.482013
7.409079   281.205206
7.416974   282.368479
7.424868   283.273973
7.432763   284.042796
7.440658   283.469777
7.448553   282.846533
7.456447   282.550555
7.464342   281.537179
7.472237   280.818831
7.480132   280.290556
7.488026   279.345119
7.495921   278.254322
7.503816   277.571612
7.511711   275.530765
7.519605   273.453292
7.527500   --undefined--
7.535395   --undefined--
7.543289   --undefined--
7.551184   --undefined--
7.559079   --undefined--
7.566974   --undefined--
7.574868   --undefined--
7.582763   --undefined--
7.590658   --undefined--
7.598553   --undefined--
7.606447   --undefined--
7.614342   --undefined--
7.622237   --undefined--
7.630132   --undefined--
7.638026   --undefined--
7.645921   --undefined--
7.653816   --undefined--
7.661711   --undefined--
7.669605   --undefined--
7.677500   --undefined--
7.685395   --undefined--
7.693289   --undefined--
7.701184   --undefined--
7.709079   --undefined--
7.716974   --undefined--
7.724868   --undefined--
7.732763   --undefined--
7.740658   --undefined--
7.748553   --undefined--
7.756447   --undefined--
7.764342   --undefined--
7.772237   --undefined--
7.780132   --undefined--
7.788026   --undefined--
7.795921   --undefined--
7.803816   --undefined--
7.811711   --undefined--
7.819605   --undefined--
7.827500   --undefined--
7.835395   188.121968
7.843289   192.439635
7.851184   196.270318
7.859079   202.625377
7.866974   211.642581
7.874868   218.173548
7.882763   224.597690
7.890658   231.423402
7.898553   241.678653
7.906447   251.610397
7.914342   265.483107
7.922237   279.370137
7.930132   288.786416
7.938026   295.297618
7.945921   --undefined--
7.953816   --undefined--
7.961711   --undefined--
7.969605   --undefined--
7.977500   --undefined--
7.985395   --undefined--
7.993289   --undefined--
8.001184   --undefined--
8.009079   --undefined--
8.016974   --undefined--
8.024868   --undefined--
8.032763   328.647500
8.040658   309.522402
8.048553   302.822262
8.056447   293.712705
8.064342   285.767424
8.072237   272.863164
8.080132   262.062647
8.088026   251.137514
8.095921   238.387391
8.103816   226.110209
8.111711   --undefined--
8.119605   --undefined--
8.127500   --undefined--
8.135395   --undefined--
8.143289   --undefined--
8.151184   233.648366
8.159079   233.535265
8.166974   230.088518
8.174868   224.085638
8.182763   217.419418
8.190658   213.328173
8.198553   209.807811
8.206447   208.276598
8.214342   208.467586
8.222237   207.913352
8.230132   206.005312
8.238026   205.027827
8.245921   201.178645
8.253816   196.723433
8.261711   196.973923
8.269605   207.445986
8.277500   --undefined--
8.285395   --undefined--
8.293289   --undefined--
8.301184   --undefined--
8.309079   --undefined--
8.316974   --undefined--
8.324868   --undefined--
8.332763   --undefined--
8.340658   --undefined--
8.348553   230.103078
8.356447   227.903714
8.364342   221.248575
8.372237   218.556725
8.380132   212.667773
8.388026   203.941784
8.395921   197.079542
8.403816   --undefined--
8.411711   --undefined--
8.419605   --undefined--
8.427500   --undefined--
8.435395   --undefined--
8.443289   --undefined--
8.451184   --undefined--
8.459079   --undefined--
8.466974   --undefined--
8.474868   --undefined--
8.482763   --undefined--
8.490658   --undefined--
8.498553   --undefined--
8.506447   --undefined--
8.514342   --undefined--
8.522237   --undefined--
8.530132   --undefined--
8.538026   --undefined--
8.545921   --undefined--
8.553816   --undefined--
8.561711   --undefined--
8.569605   --undefined--
8.577500   189.176289
8.585395   193.191084
8.593289   198.419270
8.601184   204.572373
8.609079   205.990280
8.616974   203.901177
8.624868   206.809984
8.632763   218.755167
8.640658   219.968476
8.648553   224.815341
8.656447   224.689906
8.664342   226.223703
8.672237   226.611156
8.680132   233.774318
8.688026   234.521492
8.695921   243.331749
8.703816   245.611668
8.711711   246.454423
8.719605   245.720993
8.727500   245.062262
8.735395   247.019388
8.743289   242.370948
8.751184   239.783811
8.759079   234.419004
8.766974   229.539677
8.774868   222.098791
8.782763   218.834295
8.790658   210.550398
8.798553   200.605314
8.806447   197.521638
8.814342   196.234177
8.822237   193.618956
8.830132   190.458099
8.838026   189.646407
8.845921   192.910746
8.853816   207.890254
8.861711   215.180799
8.869605   --undefined--
8.877500   --undefined--
8.885395   --undefined--
8.893289   --undefined--
8.901184   --undefined--
8.909079   --undefined--
8.916974   --undefined--
8.924868   --undefined--
8.932763   --undefined--
8.940658   --undefined--
8.948553   --undefined--
8.956447   --undefined--
8.964342   --undefined--
8.972237   --undefined--
8.980132   --undefined--
8.988026   --undefined--
8.995921   --undefined--
9.003816   --undefined--
9.011711   --undefined--
9.019605   --undefined--
9.027500   --undefined--
9.035395   --undefined--
9.043289   --undefined--
9.051184   --undefined--
9.059079   --undefined--
9.066974   --undefined--
9.074868   --undefined--
9.082763   --undefined--
9.090658   --undefined--
9.098553   --undefined--
9.106447   --undefined--
9.114342   --undefined--
9.122237   --undefined--
9.130132   --undefined--
9.138026   --undefined--
9.145921   --undefined--
9.153816   --undefined--
9.161711   159.807496
9.169605   149.410794
9.177500   144.855152
9.185395   141.280005
9.193289   140.129144
9.201184   137.839461
9.209079   137.662375
9.216974   134.665637
9.224868   134.006682
9.232763   --undefined--
9.240658   --undefined--
9.248553   --undefined--
9.256447   --undefined--
9.264342   --undefined--
9.272237   --undefined--
9.280132   --undefined--
9.288026   --undefined--
9.295921   --undefined--
9.303816   --undefined--
9.311711   --undefined--
9.319605   --undefined--
9.327500   --undefined--
9.335395   --undefined--
9.343289   --undefined--
9.351184   --undefined--
9.359079   --undefined--
9.366974   --undefined--
9.374868   187.815610
9.382763   184.201609
9.390658   186.110551
9.398553   191.174930
9.406447   197.193761
9.414342   202.380936
9.422237   205.472194
9.430132   210.409142
9.438026   229.550361
9.445921   237.388291
9.453816   245.487120
9.461711   257.060913
9.469605   268.275387
9.477500   270.043099
9.485395   287.086282
9.493289   289.173877
9.501184   303.265853
9.509079   306.097290
9.516974   309.671460
9.524868   --undefined--
9.532763   --undefined--
9.540658   --undefined--
9.548553   --undefined--
9.556447   --undefined--
9.564342   --undefined--
9.572237   --undefined--
9.580132   --undefined--
9.588026   --undefined--
9.595921   --undefined--
9.603816   --undefined--
9.611711   --undefined--
9.619605   --undefined--
9.627500   --undefined--
9.635395   --undefined--
