Time_s   F0_Hz
0.019605   --undefined--
0.027500   --undefined--
0.035395   --undefined--
0.043289   --undefined--
0.051184   --undefined--
0.059079   395.873028
0.066974   395.509564
0.074868   404.099586
0.082763   415.582943
0.090658   425.519039
0.098553   433.504583
0.106447   435.932933
0.114342   435.006295
0.122237   434.533279
0.130132   434.771317
0.138026   433.993231
0.145921   424.855234
0.153816   425.298695
0.161711   435.952457
0.169605   441.723622
0.177500   448.434554
0.185395   451.761447
0.193289   440.063435
0.201184   420.351293
0.209079   403.746930
0.216974   --undefined--
0.224868   --undefined--
0.232763   --undefined--
0.240658   --undefined--
0.248553   --undefined--
0.256447   --undefined--
0.264342   --undefined--
0.272237   --undefined--
0.280132   --undefined--
0.288026   288.164192
0.295921   276.508044
0.303816   263.196359
0.311711   240.867635
0.319605   212.437531
0.327500   196.174768
0.335395   188.488579
0.343289   185.007086
0.351184   184.014986
0.359079   182.797208
0.366974   180.468180
0.374868   177.886627
0.382763   176.379005
0.390658   175.849716
0.398553   175.387476
0.406447   175.034008
0.414342   175.972873
0.422237   177.450228
0.430132   178.570775
0.438026   181.427363
0.445921   185.942355
0.453816   192.577792
0.461711   196.645727
0.469605   204.297839
0.477500   218.462171
0.485395   232.318671
0.493289   239.513295
0.501184   249.213756
0.509079   256.937215
0.516974   268.021360
0.524868   281.351240
0.532763   294.833597
0.540658   307.392576
0.548553   320.381361
0.556447   334.315344
0.564342   348.844621
0.572237   352.070266
0.580132   358.537146
0.588026   349.286140
0.595921   --undefined--
0.603816   --undefined--
0.611711   --undefined--
0.619605   --undefined--
0.627500   --undefined--
0.635395   --undefined--
0.643289   --undefined--
0.651184   --undefined--
0.659079   --undefined--
0.666974   --undefined--
0.674868   --undefined--
0.682763   --undefined--
0.690658   --undefined--
0.698553   --undefined--
0.706447   --undefined--
0.714342   --undefined--
0.722237   --undefined--
0.730132   --undefined--
0.738026   --undefined--
0.745921   --undefined--
0.753816   --undefined--
0.761711   --undefined--
0.769605   --undefined--
0.777500   --undefined--
0.785395   --undefined--
0.793289   --undefined--
0.801184   --undefined--
0.809079   --undefined--
0.816974   --undefined--
0.824868   --undefined--
0.832763   --undefined--
0.840658   --undefined--
0.848553   --undefined--
0.856447   --undefined--
0.864342   252.527605
0.872237   252.146453
0.880132   244.803222
0.888026   220.554751
0.895921   194.752530
0.903816   191.309579
0.911711   188.759885
0.919605   188.147820
0.927500   188.138821
0.935395   187.385926
0.943289   182.643024
0.951184   184.841684
0.959079   188.508076
0.966974   189.999786
0.974868   189.628768
0.982763   189.305233
0.990658   188.490164
0.998553   185.779021
1.006447   183.376105
1.014342   178.293195
1.022237   177.482824
1.030132   184.842560
1.038026   183.668462
1.045921   183.112578
1.053816   181.989872
1.061711   181.149619
1.069605   181.370728
1.077500   182.142888
1.085395   183.737662
1.093289   184.166986
1.101184   183.891032
1.109079   183.631057
1.116974   182.837278
1.124868   182.238719
1.132763   182.412141
1.140658   183.421622
1.148553   184.861768
1.156447   186.126405
1.164342   186.196193
1.172237   185.152441
1.180132   185.461512
1.188026   187.824482
1.195921   190.208671
1.203816   191.332357
1.211711   192.949953
1.219605   194.607385
1.227500   196.992297
1.235395   199.616568
1.243289   202.368889
1.251184   203.770827
1.259079   205.440031
1.266974   207.158512
1.274868   207.929359
1.282763   207.090394
1.290658   213.373480
1.298553   217.606840
1.306447   216.358812
1.314342   214.685241
1.322237   213.400072
1.330132   210.977018
1.338026   209.147423
1.345921   206.823173
1.353816   203.694986
1.361711   200.318220
1.369605   199.830687
1.377500   191.394653
1.385395   185.661575
1.393289   181.373723
1.401184   176.884626
1.409079   174.528121
1.416974   171.968642
1.424868   172.290224
1.432763   173.264345
1.440658   173.868793
1.448553   174.442174
1.456447   175.383248
1.464342   173.836801
1.472237   --undefined--
1.480132   --undefined--
1.488026   --undefined--
1.495921   --undefined--
1.503816   --undefined--
1.511711   --undefined--
1.519605   --undefined--
1.527500   --undefined--
1.535395   --undefined--
1.543289   --undefined--
1.551184   --undefined--
1.559079   --undefined--
1.566974   --undefined--
1.574868   --undefined--
1.582763   --undefined--
1.590658   --undefined--
1.598553   --undefined--
1.606447   --undefined--
1.614342   --undefined--
1.622237   --undefined--
1.630132   --undefined--
1.638026   --undefined--
1.645921   --undefined--
1.653816   202.100468
1.661711   190.116499
1.669605   182.375754
1.677500   176.752059
1.685395   173.251609
1.693289   170.570796
1.701184   170.181103
1.709079   169.477348
1.716974   169.490897
1.724868   170.280152
1.732763   172.100003
1.740658   175.500267
1.748553   180.569650
1.756447   187.573662
1.764342   195.225891
1.772237   202.108108
1.780132   219.006297
1.788026   240.755174
1.795921   252.821876
1.803816   269.368770
1.811711   290.155189
1.819605   310.095663
1.827500   323.814542
1.835395   336.060423
1.843289   --undefined--
1.851184   --undefined--
1.859079   --undefined--
1.866974   --undefined--
1.874868   --undefined--
1.882763   --undefined--
1.890658   --undefined--
1.898553   --undefined--
1.906447   --undefined--
1.914342   --undefined--
1.922237   --undefined--
1.930132   --undefined--
1.938026   --undefined--
1.945921   --undefined--
1.953816   --undefined--
1.961711   --undefined--
1.969605   --undefined--
1.977500   --undefined--
1.985395   --undefined--
1.993289   --undefined--
2.001184   176.732838
2.009079   178.556826
2.016974   173.193528
2.024868   168.795439
2.032763   164.602134
2.040658   160.339659
2.048553   157.413080
2.056447   155.454072
2.064342   --undefined--
2.072237   --undefined--
2.080132   --undefined--
2.088026   --undefined--
2.095921   --undefined--
2.103816   --undefined--
2.111711   --undefined--
2.119605   --undefined--
2.127500   --undefined--
2.135395   --undefined--
2.143289   --undefined--
2.151184   --undefined--
2.159079   174.491615
2.166974   170.494699
2.174868   170.335964
2.182763   170.849086
2.190658   170.539661
2.198553   170.429445
2.206447   171.125340
2.214342   172.043403
2.222237   173.133942
2.230132   174.248353
2.238026   176.837796
2.245921   184.627055
2.253816   199.579298
2.261711   203.501592
2.269605   180.599329
2.277500   --undefined--
2.285395   --undefined--
2.293289   --undefined--
2.301184   --undefined--
2.309079   --undefined--
2.316974   --undefined--
2.324868   --undefined--
2.332763   --undefined--
2.340658   --undefined--
2.348553   --undefined--
2.356447   --undefined--
2.364342   --undefined--
2.372237   --undefined--
2.380132   --undefined--
2.388026   --undefined--
2.395921   --undefined--
2.403816   --undefined--
2.411711   --undefined--
2.419605   176.421233
2.427500   167.415079
2.435395   163.778574
2.443289   161.443615
2.451184   159.163689
2.459079   157.670017
2.466974   157.476436
2.474868   157.651610
2.482763   158.311518
2.490658   158.606721
2.498553   157.823729
2.506447   157.099607
2.514342   157.791051
2.522237   159.532445
2.530132   161.223597
2.538026   160.904297
2.545921   158.068205
2.553816   157.138145
2.561711   155.655406
2.569605   153.054156
2.577500   150.850195
2.585395   150.955831
2.593289   152.371863
2.601184   154.493282
2.609079   155.392767
2.616974   155.987461
2.624868   157.641433
2.632763   158.670215
2.640658   159.832628
2.648553   160.773218
2.656447   161.619714
2.664342   161.924498
2.672237   163.441864
2.680132   165.626338
2.688026   169.649163
2.695921   175.303682
2.703816   181.891722
2.711711   190.172607
2.719605   202.151670
2.727500   212.623352
2.735395   226.719882
2.743289   242.731336
2.751184   259.471497
2.759079   279.059287
2.766974   297.731449
2.774868   310.078647
2.782763   321.968021
2.790658   328.189815
2.798553   329.071674
2.806447   --undefined--
2.814342   --undefined--
2.822237   --undefined--
2.830132   --undefined--
2.838026   --undefined--
2.845921   --undefined--
2.853816   --undefined--
2.861711   --undefined--
2.869605   --undefined--
2.877500   --undefined--
2.885395   --undefined--
2.893289   --undefined--
2.901184   --undefined--
2.909079   --undefined--
2.916974   --undefined--
2.924868   --undefined--
2.932763   --undefined--
2.940658   --undefined--
2.948553   --undefined--
2.956447   --undefined--
2.964342   245.625347
2.972237   239.282855
2.980132   229.501678
2.988026   216.643148
2.995921   207.279184
3.003816   204.509402
3.011711   202.872229
3.019605   202.084894
3.027500   201.047526
3.035395   199.467085
3.043289   198.284495
3.051184   195.815316
3.059079   193.888892
3.066974   188.030560
3.074868   184.615215
3.082763   --undefined--
3.090658   --undefined--
3.098553   --undefined--
3.106447   --undefined--
3.114342   --undefined--
3.122237   --undefined--
3.130132   249.832563
3.138026   245.763584
3.145921   246.238926
3.153816   247.079076
3.161711   252.363781
3.169605   259.470946
3.177500   267.085313
3.185395   273.370717
3.193289   277.590530
3.201184   277.424676
3.209079   276.288895
3.216974   --undefined--
3.224868   --undefined--
3.232763   --undefined--
3.240658   --undefined--
3.248553   --undefined--
3.256447   --undefined--
3.264342   --undefined--
3.272237   --undefined--
3.280132   --undefined--
3.288026   --undefined--
3.295921   --undefined--
3.303816   --undefined--
3.311711   --undefined--
3.319605   --undefined--
3.327500   --undefined--
3.335395   --undefined--
3.343289   --undefined--
3.351184   --undefined--
3.359079   275.450633
3.366974   269.339323
3.374868   258.708518
3.382763   249.287709
3.390658   237.194246
3.398553   229.425774
3.406447   226.072151
3.414342   222.818443
3.422237   216.502990
3.430132   206.346980
3.438026   --undefined--
3.445921   --undefined--
3.453816   --undefined--
3.461711   --undefined--
3.469605   --undefined--
3.477500   --undefined--
3.485395   --undefined--
3.493289   --undefined--
3.501184   --undefined--
3.509079   --undefined--
3.516974   --undefined--
3.524868   --undefined--
3.532763   --undefined--
3.540658   --undefined--
3.548553   --undefined--
3.556447   --undefined--
3.564342   --undefined--
3.572237   --undefined--
3.580132   230.619124
3.588026   214.421307
3.595921   193.893348
3.603816   181.395823
3.611711   174.933487
3.619605   171.055461
3.627500   168.166060
3.635395   165.620869
3.643289   163.190255
3.651184   160.864113
3.659079   160.461902
3.666974   159.444408
3.674868   157.395137
3.682763   155.852796
3.690658   156.624843
3.698553   154.406698
3.706447   153.485417
3.714342   155.246732
3.722237   155.903840
3.730132   155.806535
3.738026   156.535822
3.745921   158.506666
3.753816   159.816268
3.761711   160.521287
3.769605   162.140205
3.777500   162.182824
3.785395   162.955889
3.793289   164.470374
3.801184   167.209806
3.809079   171.361422
3.816974   176.531775
3.824868   180.051834
3.832763   182.163460
3.840658   192.243410
3.848553   202.335060
3.856447   208.658409
3.864342   220.420449
3.872237   229.465488
3.880132   234.594708
3.888026   240.829064
3.895921   242.204650
3.903816   240.309866
3.911711   235.627109
3.919605   229.247825
3.927500   --undefined--
3.935395   --undefined--
3.943289   --undefined--
3.951184   --undefined--
3.959079   --undefined--
3.966974   --undefined--
3.974868   --undefined--
3.982763   --undefined--
3.990658   --undefined--
3.998553   --undefined--
4.006447   --undefined--
4.014342   --undefined--
4.022237   --undefined--
4.030132   --undefined--
4.038026   --undefined--
4.045921   --undefined--
4.053816   --undefined--
4.061711   --undefined--
4.069605   --undefined--
4.077500   --undefined--
4.085395   --undefined--
4.093289   --undefined--
4.101184   --undefined--
4.109079   --undefined--
4.116974   --undefined--
4.124868   --undefined--
4.132763   --undefined--
4.140658   --undefined--
4.148553   --undefined--
4.156447   --undefined--
4.164342   --undefined--
4.172237   --undefined--
4.180132   --undefined--
4.188026   --undefined--
4.195921   --undefined--
4.203816   --undefined--
4.211711   --undefined--
4.219605   --undefined--
4.227500   --undefined--
4.235395   --undefined--
4.243289   --undefined--
4.251184   --undefined--
4.259079   --undefined--
4.266974   --undefined--
4.274868   --undefined--
4.282763   --undefined--
4.290658   --undefined--
4.298553   --undefined--
4.306447   --undefined--
4.314342   --undefined--
4.322237   --undefined--
4.330132   --undefined--
4.338026   --undefined--
4.345921   --undefined--
4.353816   --undefined--
4.361711   --undefined--
4.369605   --undefined--
4.377500   --undefined--
4.385395   --undefined--
4.393289   --undefined--
4.401184   --undefined--
4.409079   --undefined--
4.416974   --undefined--
4.424868   --undefined--
4.432763   --undefined--
4.440658   --undefined--
4.448553   --undefined--
4.456447   --undefined--
4.464342   --undefined--
4.472237   239.054393
4.480132   235.904624
4.488026   244.751028
4.495921   251.470197
4.503816   256.847252
4.511711   262.396863
4.519605   268.206773
4.527500   272.859588
4.535395   274.666187
4.543289   267.867511
4.551184   252.233879
4.559079   246.701812
4.566974   --undefined--
4.574868   --undefined--
4.582763   --undefined--
4.590658   --undefined--
4.598553   --undefined--
4.606447   --undefined--
4.614342   --undefined--
4.622237   --undefined--
4.630132   --undefined--
4.638026   --undefined--
4.645921   276.551913
4.653816   262.326434
4.661711   237.438137
4.669605   217.880329
4.677500   206.720932
4.685395   200.966860
4.693289   198.103174
4.701184   196.744618
4.709079   194.979712
4.716974   193.597806
4.724868   193.447196
4.732763   193.755648
4.740658   194.479761
4.748553   195.947623
4.756447   198.189522
4.764342   200.371070
4.772237   203.163570
4.780132   207.308937
4.788026   214.548164
4.795921   225.581517
4.803816   232.499125
4.811711   231.235499
4.819605   227.638508
4.827500   228.781579
4.835395   --undefined--
4.843289   --undefined--
4.851184   --undefined--
4.859079   --undefined--
4.866974   --undefined--
4.874868   --undefined--
4.882763   --undefined--
4.890658   --undefined--
4.898553   --undefined--
4.906447   --undefined--
4.914342   --undefined--
4.922237   --undefined--
4.930132   --undefined--
4.938026   --undefined--
4.945921   --undefined--
4.953816   --undefined--
4.961711   --undefined--
4.969605   --undefined--
4.977500   --undefined--
4.985395   --undefined--
4.993289   --undefined--
5.001184   --undefined--
5.009079   --undefined--
5.016974   --undefined--
5.024868   --undefined--
5.032763   --undefined--
5.040658   --undefined--
5.048553   --undefined--
5.056447   --undefined--
5.064342   --undefined--
5.072237   --undefined--
5.080132   --undefined--
5.088026   --undefined--
5.095921   --undefined--
5.103816   --undefined--
5.111711   --undefined--
5.119605   --undefined--
5.127500   272.579745
5.135395   255.867415
5.143289   247.017512
5.151184   247.083232
5.159079   247.052938
5.166974   242.907674
5.174868   246.274243
5.182763   248.649349
5.190658   244.687445
5.198553   243.095680
5.206447   239.870650
5.214342   237.493736
5.222237   234.692923
5.230132   231.066837
5.238026   229.868934
5.245921   228.448876
5.253816   227.856602
5.261711   227.254751
5.269605   227.244762
5.277500   226.989660
5.285395   226.427156
5.293289   227.332935
5.301184   228.317202
5.309079   230.422846
5.316974   241.628340
5.324868   243.488920
5.332763   243.861107
5.340658   250.422449
5.348553   259.706504
5.356447   269.124462
5.364342   271.716500
5.372237   279.048071
5.380132   286.101111
5.388026   291.175315
5.395921   298.986123
5.403816   306.006682
5.411711   310.188276
5.419605   316.786911
5.427500   325.319401
5.435395   327.721808
5.443289   328.355008
5.451184   333.501547
5.459079   337.195410
5.466974   344.030979
5.474868   350.645371
5.482763   355.956114
5.490658   358.506288
5.498553   359.314971
5.506447   --undefined--
5.514342   --undefined--
5.522237   --undefined--
5.530132   --undefined--
5.538026   --undefined--
5.545921   --undefined--
5.553816   --undefined--
5.561711   --undefined--
5.569605   --undefined--
5.577500   --undefined--
5.585395   --undefined--
5.593289   --undefined--
5.601184   --undefined--
5.609079   --undefined--
5.616974   --undefined--
5.624868   --undefined--
5.632763   --undefined--
5.640658   --undefined--
5.648553   --undefined--
5.656447   324.480573
5.664342   306.292329
5.672237   278.948421
5.680132   268.859585
5.688026   266.699528
5.695921   262.441883
5.703816   252.597656
5.711711   236.474012
5.719605   --undefined--
5.727500   --undefined--
5.735395   --undefined--
5.743289   --undefined--
5.751184   --undefined--
5.759079   --undefined--
5.766974   --undefined--
5.774868   --undefined--
5.782763   --undefined--
5.790658   --undefined--
5.798553   --undefined--
5.806447   --undefined--
5.814342   --undefined--
5.822237   --undefined--
5.830132   283.420892
5.838026   277.459400
5.845921   264.912700
5.853816   255.297098
5.861711   252.374112
5.869605   251.269325
5.877500   251.625014
5.885395   258.793540
5.893289   257.471538
5.901184   257.269425
5.909079   259.015432
5.916974   262.170394
5.924868   266.863550
5.932763   272.851741
5.940658   281.443230
5.948553   286.753510
5.956447   288.526313
5.964342   294.472353
5.972237   302.758424
5.980132   305.034127
5.988026   309.277793
5.995921   308.697417
6.003816   306.063112
6.011711   298.581692
6.019605   --undefined--
6.027500   --undefined--
6.035395   --undefined--
6.043289   --undefined--
6.051184   --undefined--
6.059079   --undefined--
6.066974   --undefined--
6.074868   --undefined--
6.082763   --undefined--
6.090658   --undefined--
6.098553   --undefined--
6.106447   --undefined--
6.114342   --undefined--
6.122237   --undefined--
6.130132   --undefined--
6.138026   --undefined--
6.145921   --undefined--
6.153816   --undefined--
6.161711   --undefined--
6.169605   298.298735
6.177500   294.776893
6.185395   284.628313
6.193289   270.272052
6.201184   258.918827
6.209079   252.655259
6.216974   243.869128
6.224868   246.123019
6.232763   244.746257
6.240658   238.830796
6.248553   234.282241
6.256447   233.478194
6.264342   231.328279
6.272237   232.272783
6.280132   235.139988
6.288026   238.506398
6.295921   --undefined--
6.303816   --undefined--
6.311711   --undefined--
6.319605   --undefined--
6.327500   --undefined--
6.335395   --undefined--
6.343289   --undefined--
6.351184   --undefined--
6.359079   --undefined--
6.366974   --undefined--
6.374868   --undefined--
6.382763   --undefined--
6.390658   --undefined--
6.398553   --undefined--
6.406447   --undefined--
6.414342   --undefined--
6.422237   228.617554
6.430132   235.544022
6.438026   247.139848
6.445921   257.752300
6.453816   264.826402
6.461711   273.240638
6.469605   282.358882
6.477500   291.373717
6.485395   299.547129
6.493289   306.875451
6.501184   315.112784
6.509079   321.346676
6.516974   330.077785
6.524868   331.565482
6.532763   332.707784
6.540658   335.213175
6.548553   334.176944
6.556447   336.036764
6.564342   333.705649
6.572237   331.326940
6.580132   327.895092
6.588026   322.557672
6.595921   317.620797
6.603816   312.055011
6.611711   304.666826
6.619605   291.229770
6.627500   262.771374
6.635395   242.043800
6.643289   232.639031
6.651184   218.021400
6.659079   204.688117
6.666974   193.053232
6.674868   190.395139
6.682763   188.918703
6.690658   182.918184
6.698553   178.021401
6.706447   173.405828
6.714342   169.696623
6.722237   166.901774
6.730132   165.655029
6.738026   166.123672
6.745921   167.661064
6.753816   168.970519
6.761711   170.016205
6.769605   171.489699
6.777500   173.037489
6.785395   173.481857
6.793289   172.134580
6.801184   170.847682
6.809079   169.697531
6.816974   168.025973
6.824868   166.971360
6.832763   166.788144
6.840658   166.901605
6.848553   167.370112
6.856447   168.168519
6.864342   168.011166
6.872237   167.391265
6.880132   167.655590
6.888026   167.797157
6.895921   167.873521
6.903816   167.345080
6.911711   167.395755
6.919605   170.514040
6.927500   180.314076
6.935395   186.160469
6.943289   180.896128
6.951184   --undefined--
6.959079   --undefined--
6.966974   --undefined--
6.974868   --undefined--
6.982763   --undefined--
6.990658   --undefined--
6.998553   --undefined--
7.006447   --undefined--
7.014342   --undefined--
7.022237   --undefined--
7.030132   --undefined--
7.038026   --undefined--
7.045921   --undefined--
7.053816   --undefined--
7.061711   --undefined--
7.069605   --undefined--
7.077500   --undefined--
7.085395   --undefined--
7.093289   --undefined--
7.101184   201.740587
7.109079   182.241076
7.116974   171.603111
7.124868   166.774142
7.132763   161.383935
7.140658   161.234625
7.148553   161.668539
7.156447   161.657295
7.164342   161.226904
7.172237   160.411130
7.180132   158.976620
7.188026   160.681663
7.195921   163.587385
7.203816   --undefined--
7.211711   --undefined--
7.219605   --undefined--
7.227500   --undefined--
7.235395   --undefined--
7.243289   --undefined--
7.251184   --undefined--
7.259079   --undefined--
7.266974   --undefined--
7.274868   --undefined--
7.282763   --undefined--
7.290658   --undefined--
7.298553   --undefined--
7.306447   --undefined--
7.314342   --undefined--
7.322237   --undefined--
7.330132   --undefined--
7.338026   --undefined--
7.345921   286.920811
7.353816   279.953265
7.361711   273.570406
7.369605   272.953435
7.377500   272.253334
7.385395   274.232867
7.393289   277.296606
7.401184   278.766785
7.409079   280.375023
7.416974   281.892892
7.424868   282.998779
7.432763   283.440228
7.440658   283.239821
7.448553   282.783353
7.456447   281.459812
7.464342   280.349970
7.472237   280.184897
7.480132   279.745646
7.488026   279.455864
7.495921   279.122023
7.503816   278.109611
7.511711   275.428545
7.519605   267.289317
7.527500   261.578510
7.535395   --undefined--
7.543289   --undefined--
7.551184   --undefined--
7.559079   --undefined--
7.566974   --undefined--
7.574868   --undefined--
7.582763   --undefined--
7.590658   --undefined--
7.598553   --undefined--
7.606447   --undefined--
7.614342   --undefined--
7.622237   --undefined--
7.630132   --undefined--
7.638026   --undefined--
7.645921   --undefined--
7.653816   --undefined--
7.661711   --undefined--
7.669605   --undefined--
7.677500   --undefined--
7.685395   --undefined--
7.693289   --undefined--
7.701184   --undefined--
7.709079   --undefined--
7.716974   --undefined--
7.724868   --undefined--
7.732763   --undefined--
7.740658   --undefined--
7.748553   --undefined--
7.756447   --undefined--
7.764342   --undefined--
7.772237   --undefined--
7.780132   --undefined--
7.788026   --undefined--
7.795921   --undefined--
7.803816   --undefined--
7.811711   196.949232
7.819605   188.594767
7.827500   187.778918
7.835395   190.658360
7.843289   193.938491
7.851184   196.607617
7.859079   201.944310
7.866974   209.069877
7.874868   216.388314
7.882763   223.693414
7.890658   230.842164
7.898553   241.543863
7.906447   252.893547
7.914342   266.531914
7.922237   282.149888
7.930132   293.315272
7.938026   293.241875
7.945921   273.803637
7.953816   --undefined--
7.961711   --undefined--
7.969605   --undefined--
7.977500   --undefined--
7.985395   --undefined--
7.993289   --undefined--
8.001184   --undefined--
8.009079   --undefined--
8.016974   --undefined--
8.024868   --undefined--
8.032763   328.766933
8.040658   314.122920
8.048553   303.603798
8.056447   293.312929
8.064342   282.990660
8.072237   271.031400
8.080132   258.622896
8.088026   247.942737
8.095921   240.020505
8.103816   229.074634
8.111711   223.990336
8.119605   215.332957
8.127500   221.327553
8.135395   228.135295
8.143289   225.686873
8.151184   227.888186
8.159079   228.845456
8.166974   229.206974
8.174868   225.150235
8.182763   217.871848
8.190658   212.529000
8.198553   209.104208
8.206447   208.482103
8.214342   208.723254
8.222237   208.257487
8.230132   207.672690
8.238026   204.489215
8.245921   199.820476
8.253816   194.768698
8.261711   206.450601
8.269605   208.014671
8.277500   194.355577
8.285395   --undefined--
8.293289   --undefined--
8.301184   --undefined--
8.309079   --undefined--
8.316974   --undefined--
8.324868   --undefined--
8.332763   --undefined--
8.340658   240.688482
8.348553   234.385601
8.356447   227.501390
8.364342   222.403007
8.372237   217.008152
8.380132   210.424814
8.388026   203.294344
8.395921   192.874565
8.403816   179.282058
8.411711   173.237419
8.419605   178.332279
8.427500   --undefined--
8.435395   --undefined--
8.443289   --undefined--
8.451184   --undefined--
8.459079   --undefined--
8.466974   --undefined--
8.474868   --undefined--
8.482763   --undefined--
8.490658   --undefined--
8.498553   --undefined--
8.506447   --undefined--
8.514342   --undefined--
8.522237   --undefined--
8.530132   --undefined--
8.538026   --undefined--
8.545921   --undefined--
8.553816   --undefined--
8.561711   --undefined--
8.569605   197.777321
8.577500   189.588517
8.585395   191.518206
8.593289   199.096399
8.601184   203.353471
8.609079   204.296213
8.616974   201.691413
8.624868   211.406546
8.632763   216.834921
8.640658   220.863516
8.648553   225.606640
8.656447   228.698270
8.664342   229.585775
8.672237   230.781104
8.680132   232.611141
8.688026   237.427566
8.695921   240.553472
8.703816   244.621833
8.711711   245.264490
8.719605   244.808342
8.727500   245.523209
8.735395   245.450825
8.743289   242.217660
8.751184   238.729492
8.759079   236.225789
8.766974   231.407193
8.774868   223.836322
8.782763   215.630630
8.790658   208.103363
8.798553   202.486063
8.806447   198.457841
8.814342   195.330345
8.822237   193.218138
8.830132   191.323146
8.838026   191.398281
8.845921   198.061230
8.853816   213.127642
8.861711   213.997223
8.869605   --undefined--
8.877500   --undefined--
8.885395   --undefined--
8.893289   --undefined--
8.901184   --undefined--
8.909079   --undefined--
8.916974   --undefined--
8.924868   --undefined--
8.932763   --undefined--
8.940658   --undefined--
8.948553   --undefined--
8.956447   --undefined--
8.964342   --undefined--
8.972237   --undefined--
8.980132   --undefined--
8.988026   --undefined--
8.995921   --undefined--
9.003816   --undefined--
9.011711   --undefined--
9.019605   --undefined--
9.027500   --undefined--
9.035395   --undefined--
9.043289   235.819274
9.051184   218.331062
9.059079   204.545114
9.066974   185.200787
9.074868   184.793721
9.082763   177.687677
9.090658   172.305769
9.098553   165.499454
9.106447   --undefined--
9.114342   --undefined--
9.122237   --undefined--
9.130132   --undefined--
9.138026   --undefined--
9.145921   --undefined--
9.153816   171.002007
9.161711   159.101783
9.169605   150.130850
9.177500   143.667241
9.185395   140.965288
9.193289   139.087746
9.201184   137.345283
9.209079   136.975656
9.216974   134.812144
9.224868   132.765349
9.232763   131.132761
9.240658   132.231980
9.248553   136.929667
9.256447   --undefined--
9.264342   --undefined--
9.272237   --undefined--
9.280132   --undefined--
9.288026   --undefined--
9.295921   --undefined--
9.303816   --undefined--
9.311711   --undefined--
9.319605   --undefined--
9.327500   --undefined--
9.335395   --undefined--
9.343289   --undefined--
9.351184   --undefined--
9.359079   --undefined--
9.366974   195.732062
9.374868   185.529741
9.382763   182.246164
9.390658   185.722109
9.398553   191.082566
9.406447   195.803669
9.414342   201.007356
9.422237   205.623252
9.430132   212.869006
9.438026   228.629604
9.445921   235.831054
9.453816   246.945215
9.461711   256.453625
9.469605   267.789308
9.477500   277.346252
9.485395   286.394461
9.493289   295.401059
9.501184   302.700694
9.509079   312.468217
9.516974   316.977743
9.524868   313.833950
9.532763   --undefined--
9.540658   --undefined--
9.548553   --undefined--
9.556447   --undefined--
9.564342   --undefined--
9.572237   --undefined--
9.580132   --undefined--
9.588026   --undefined--
9.595921   --undefined--
9.603816   --undefined--
9.611711   --undefined--
9.619605   --undefined--
9.627500   --undefined--
9.635395   --undefined--
