Time_s   F0_Hz
0.024969   --undefined--
0.034969   --undefined--
0.044969   --undefined--
0.054969   --undefined--
0.064969   --undefined--
0.074969   --undefined--
0.084969   --undefined--
0.094969   --undefined--
0.104969   --undefined--
0.114969   --undefined--
0.124969   --undefined--
0.134969   --undefined--
0.144969   --undefined--
0.154969   --undefined--
0.164969   --undefined--
0.174969   --undefined--
0.184969   --undefined--
0.194969   --undefined--
0.204969   --undefined--
0.214969   --undefined--
0.224969   --undefined--
0.234969   --undefined--
0.244969   --undefined--
0.254969   --undefined--
0.264969   --undefined--
0.274969   361.680033
0.284969   362.146590
0.294969   364.092460
0.304969   363.328793
0.314969   360.629110
0.324969   356.358023
0.334969   357.217569
0.344969   358.017272
0.354969   358.857246
0.364969   359.855080
0.374969   361.507465
0.384969   364.749064
0.394969   367.856340
0.404969   371.169259
0.414969   379.162373
0.424969   379.578372
0.434969   378.156385
0.444969   380.741993
0.454969   386.007484
0.464969   393.172033
0.474969   400.527585
0.484969   399.013537
0.494969   397.034075
0.504969   400.862071
0.514969   405.386704
0.524969   407.756214
0.534969   410.913566
0.544969   413.809420
0.554969   415.187955
0.564969   417.714105
0.574969   422.105938
0.584969   427.773291
0.594969   431.470314
0.604969   434.796798
0.614969   436.541660
0.624969   429.765001
0.634969   415.993608
0.644969   407.087018
0.654969   403.165214
0.664969   393.981491
0.674969   392.137757
0.684969   389.802443
0.694969   382.390678
0.704969   389.968209
0.714969   401.661729
0.724969   410.386620
0.734969   412.509465
0.744969   416.063623
0.754969   416.701339
0.764969   412.239947
0.774969   408.690124
0.784969   400.792170
0.794969   390.291869
0.804969   379.817375
0.814969   390.578710
0.824969   384.873480
0.834969   370.848501
0.844969   357.079901
0.854969   330.524113
0.864969   326.914097
0.874969   335.007880
0.884969   329.193394
0.894969   319.369633
0.904969   316.613123
0.914969   319.072854
0.924969   343.110362
0.934969   365.895567
0.944969   373.457831
0.954969   368.138686
0.964969   369.416899
0.974969   368.272682
0.984969   369.026219
0.994969   369.606764
1.004969   366.284025
1.014969   365.406471
1.024969   366.331298
1.034969   362.187422
1.044969   365.324370
1.054969   365.752591
1.064969   382.446645
1.074969   392.940353
1.084969   392.263371
1.094969   394.039770
1.104969   397.144080
1.114969   399.302443
1.124969   399.384560
1.134969   398.956965
1.144969   397.969990
1.154969   395.415974
1.164969   392.855285
1.174969   388.729361
1.184969   384.412407
1.194969   377.039892
1.204969   366.815410
1.214969   357.562174
1.224969   352.207845
1.234969   344.513807
1.244969   345.095303
1.254969   331.921470
1.264969   297.334322
1.274969   358.837404
1.284969   375.038487
1.294969   349.147830
1.304969   339.120455
1.314969   361.472250
1.324969   359.986730
1.334969   --undefined--
1.344969   --undefined--
1.354969   --undefined--
1.364969   --undefined--
1.374969   --undefined--
1.384969   --undefined--
1.394969   --undefined--
1.404969   --undefined--
1.414969   --undefined--
1.424969   --undefined--
1.434969   --undefined--
1.444969   --undefined--
1.454969   --undefined--
1.464969   --undefined--
1.474969   --undefined--
1.484969   --undefined--
1.494969   --undefined--
1.504969   --undefined--
1.514969   --undefined--
1.524969   --undefined--
1.534969   --undefined--
1.544969   --undefined--
1.554969   --undefined--
1.564969   --undefined--
1.574969   --undefined--
1.584969   --undefined--
1.594969   --undefined--
1.604969   306.933576
1.614969   309.697230
1.624969   312.441039
1.634969   312.260848
1.644969   291.748442
1.654969   276.631833
1.664969   --undefined--
1.674969   --undefined--
1.684969   --undefined--
1.694969   --undefined--
1.704969   --undefined--
1.714969   --undefined--
1.724969   --undefined--
1.734969   --undefined--
1.744969   --undefined--
1.754969   --undefined--
1.764969   --undefined--
1.774969   --undefined--
1.784969   --undefined--
1.794969   --undefined--
1.804969   --undefined--
1.814969   384.048310
1.824969   386.806059
1.834969   383.933814
1.844969   378.353989
1.854969   377.868818
1.864969   377.451589
1.874969   377.375673
1.884969   378.027314
1.894969   377.353725
1.904969   374.871588
1.914969   373.518039
1.924969   373.834410
1.934969   374.580090
1.944969   373.935649
1.954969   371.824946
1.964969   367.735826
1.974969   365.688520
1.984969   360.201558
1.994969   353.024600
2.004969   345.482117
2.014969   339.622637
2.024969   323.684255
2.034969   318.442791
2.044969   299.323649
2.054969   286.756693
2.064969   286.336076
2.074969   279.939101
2.084969   278.714994
2.094969   273.152560
2.104969   270.726896
2.114969   267.704509
2.124969   265.147006
2.134969   262.576195
2.144969   261.638015
2.154969   258.113797
2.164969   254.948004
2.174969   252.830197
2.184969   251.167621
2.194969   246.347434
2.204969   245.210607
2.214969   241.598671
2.224969   238.573015
2.234969   236.659445
2.244969   236.947870
2.254969   237.748227
2.264969   232.900339
2.274969   --undefined--
2.284969   --undefined--
2.294969   --undefined--
2.304969   --undefined--
2.314969   --undefined--
2.324969   --undefined--
2.334969   --undefined--
2.344969   --undefined--
2.354969   --undefined--
2.364969   --undefined--
2.374969   --undefined--
2.384969   --undefined--
2.394969   --undefined--
2.404969   --undefined--
2.414969   --undefined--
2.424969   --undefined--
2.434969   --undefined--
2.444969   --undefined--
2.454969   --undefined--
2.464969   --undefined--
2.474969   --undefined--
2.484969   --undefined--
2.494969   --undefined--
2.504969   --undefined--
2.514969   --undefined--
2.524969   --undefined--
2.534969   307.844006
2.544969   307.056191
2.554969   312.693617
2.564969   316.262224
2.574969   316.954498
2.584969   314.634746
2.594969   314.382595
2.604969   287.367070
2.614969   288.930788
2.624969   289.096495
2.634969   --undefined--
2.644969   --undefined--
2.654969   --undefined--
2.664969   --undefined--
2.674969   --undefined--
2.684969   --undefined--
2.694969   --undefined--
2.704969   --undefined--
2.714969   --undefined--
2.724969   --undefined--
2.734969   --undefined--
2.744969   --undefined--
2.754969   --undefined--
2.764969   --undefined--
2.774969   --undefined--
2.784969   --undefined--
2.794969   --undefined--
2.804969   --undefined--
2.814969   --undefined--
2.824969   --undefined--
2.834969   --undefined--
2.844969   --undefined--
2.854969   326.168242
2.864969   326.808213
2.874969   327.169650
2.884969   329.543318
2.894969   335.510650
2.904969   341.501188
2.914969   348.587821
2.924969   358.360626
2.934969   365.108222
2.944969   366.748014
2.954969   364.545272
2.964969   365.549062
2.974969   364.397757
2.984969   352.528384
2.994969   347.601686
3.004969   342.694559
3.014969   336.461923
3.024969   332.139375
3.034969   329.071994
3.044969   325.333159
3.054969   331.680599
3.064969   335.454847
3.074969   --undefined--
3.084969   82.832117
3.094969   82.809124
3.104969   112.775439
3.114969   113.294581
3.124969   --undefined--
3.134969   258.875762
3.144969   261.382720
3.154969   253.601933
3.164969   249.959652
3.174969   250.689460
3.184969   244.277056
3.194969   --undefined--
3.204969   --undefined--
3.214969   --undefined--
3.224969   --undefined--
3.234969   --undefined--
3.244969   --undefined--
3.254969   --undefined--
3.264969   --undefined--
3.274969   --undefined--
3.284969   --undefined--
3.294969   --undefined--
3.304969   --undefined--
3.314969   --undefined--
3.324969   --undefined--
3.334969   --undefined--
3.344969   --undefined--
3.354969   --undefined--
3.364969   --undefined--
3.374969   --undefined--
3.384969   --undefined--
3.394969   --undefined--
3.404969   --undefined--
3.414969   --undefined--
3.424969   --undefined--
3.434969   --undefined--
3.444969   --undefined--
3.454969   --undefined--
3.464969   --undefined--
3.474969   --undefined--
3.484969   --undefined--
3.494969   --undefined--
3.504969   --undefined--
3.514969   --undefined--
3.524969   --undefined--
3.534969   --undefined--
3.544969   --undefined--
3.554969   --undefined--
3.564969   --undefined--
3.574969   --undefined--
3.584969   --undefined--
3.594969   --undefined--
3.604969   --undefined--
3.614969   --undefined--
3.624969   --undefined--
3.634969   --undefined--
3.644969   --undefined--
3.654969   --undefined--
3.664969   --undefined--
3.674969   --undefined--
3.684969   --undefined--
3.694969   --undefined--
3.704969   --undefined--
3.714969   --undefined--
3.724969   --undefined--
3.734969   --undefined--
3.744969   --undefined--
3.754969   --undefined--
3.764969   --undefined--
3.774969   --undefined--
3.784969   --undefined--
3.794969   --undefined--
3.804969   --undefined--
3.814969   --undefined--
3.824969   --undefined--
3.834969   --undefined--
3.844969   --undefined--
3.854969   --undefined--
3.864969   --undefined--
3.874969   301.146859
3.884969   304.644968
3.894969   310.286496
3.904969   311.322242
3.914969   308.455944
3.924969   305.727973
3.934969   304.234554
3.944969   282.521766
3.954969   277.164277
3.964969   274.758585
3.974969   266.498438
3.984969   --undefined--
3.994969   --undefined--
4.004969   --undefined--
4.014969   278.148865
4.024969   276.638807
4.034969   285.511945
4.044969   283.497991
4.054969   285.743382
4.064969   286.059664
4.074969   282.069569
4.084969   269.488829
4.094969   269.196435
4.104969   260.853009
4.114969   262.274884
4.124969   264.207916
4.134969   269.157868
4.144969   270.648569
4.154969   270.179396
4.164969   283.306295
4.174969   284.062382
4.184969   301.425409
4.194969   317.655599
4.204969   333.850855
4.214969   349.738352
4.224969   355.947424
4.234969   375.001914
4.244969   389.543139
4.254969   397.649520
4.264969   406.413557
4.274969   412.169974
4.284969   417.439687
4.294969   423.341286
4.304969   426.490085
4.314969   429.961750
4.324969   431.083877
4.334969   430.187326
4.344969   427.562503
4.354969   421.499028
4.364969   411.236770
4.374969   405.087492
4.384969   384.441035
4.394969   370.266557
4.404969   371.092491
4.414969   382.109105
4.424969   --undefined--
4.434969   --undefined--
4.444969   --undefined--
4.454969   --undefined--
4.464969   --undefined--
4.474969   305.444282
4.484969   303.051792
4.494969   301.190089
4.504969   294.809559
4.514969   289.837588
4.524969   285.543906
4.534969   283.819810
4.544969   278.077177
4.554969   275.755798
4.564969   271.887695
4.574969   264.237307
4.584969   262.652074
4.594969   263.687608
4.604969   263.340638
4.614969   254.240186
4.624969   252.022987
4.634969   254.562317
4.644969   258.104057
4.654969   --undefined--
4.664969   --undefined--
4.674969   --undefined--
4.684969   --undefined--
4.694969   --undefined--
4.704969   --undefined--
4.714969   --undefined--
4.724969   --undefined--
4.734969   --undefined--
4.744969   --undefined--
4.754969   --undefined--
4.764969   --undefined--
4.774969   --undefined--
4.784969   --undefined--
4.794969   --undefined--
4.804969   --undefined--
4.814969   --undefined--
4.824969   --undefined--
4.834969   --undefined--
4.844969   --undefined--
4.854969   --undefined--
4.864969   --undefined--
4.874969   --undefined--
4.884969   --undefined--
4.894969   --undefined--
4.904969   --undefined--
4.914969   --undefined--
4.924969   --undefined--
4.934969   --undefined--
4.944969   --undefined--
4.954969   --undefined--
4.964969   --undefined--
4.974969   --undefined--
4.984969   --undefined--
4.994969   --undefined--
5.004969   --undefined--
5.014969   --undefined--
5.024969   346.968599
5.034969   349.390663
5.044969   357.434516
5.054969   365.308196
5.064969   375.844955
5.074969   389.699830
5.084969   396.507618
5.094969   409.432389
5.104969   418.396059
5.114969   426.903616
5.124969   437.172947
5.134969   441.570992
5.144969   443.431723
5.154969   442.708230
5.164969   436.210334
5.174969   421.030577
5.184969   392.269019
5.194969   402.726038
5.204969   --undefined--
5.214969   --undefined--
5.224969   433.372321
5.234969   427.179202
5.244969   --undefined--
5.254969   --undefined--
5.264969   --undefined--
5.274969   --undefined--
5.284969   --undefined--
5.294969   --undefined--
5.304969   --undefined--
5.314969   --undefined--
5.324969   --undefined--
5.334969   360.442813
5.344969   393.228574
5.354969   400.537476
5.364969   401.633782
5.374969   402.044655
5.384969   402.900392
5.394969   402.003702
5.404969   395.749489
5.414969   378.330079
5.424969   330.539049
5.434969   314.745918
5.444969   315.057961
5.454969   --undefined--
5.464969   131.983841
5.474969   134.484343
5.484969   135.424961
5.494969   144.451102
5.504969   141.882986
5.514969   141.925499
5.524969   143.733632
5.534969   145.621118
5.544969   144.996954
5.554969   141.794456
5.564969   139.698969
5.574969   136.848888
5.584969   --undefined--
5.594969   --undefined--
5.604969   --undefined--
5.614969   --undefined--
5.624969   --undefined--
5.634969   365.829795
5.644969   365.835187
5.654969   364.136781
5.664969   361.489146
5.674969   355.220473
5.684969   351.162788
5.694969   348.349790
5.704969   343.269898
5.714969   337.107528
5.724969   329.748757
5.734969   320.217873
5.744969   314.449540
5.754969   305.762175
5.764969   295.956298
5.774969   283.605315
5.784969   268.736969
5.794969   254.817996
5.804969   246.055561
5.814969   241.186069
5.824969   243.586786
5.834969   243.093073
5.844969   --undefined--
5.854969   --undefined--
5.864969   --undefined--
5.874969   --undefined--
5.884969   --undefined--
5.894969   --undefined--
5.904969   --undefined--
5.914969   --undefined--
5.924969   --undefined--
5.934969   --undefined--
5.944969   --undefined--
5.954969   --undefined--
5.964969   --undefined--
5.974969   --undefined--
5.984969   --undefined--
5.994969   --undefined--
6.004969   --undefined--
6.014969   --undefined--
6.024969   --undefined--
6.034969   --undefined--
6.044969   --undefined--
6.054969   --undefined--
6.064969   --undefined--
6.074969   --undefined--
6.084969   --undefined--
6.094969   --undefined--
6.104969   --undefined--
6.114969   --undefined--
6.124969   284.859432
6.134969   283.958576
6.144969   286.662471
6.154969   289.038882
6.164969   292.937593
6.174969   299.831209
6.184969   307.334171
6.194969   321.942625
6.204969   322.692092
6.214969   330.514075
6.224969   333.548925
6.234969   337.614003
6.244969   348.783159
6.254969   350.213950
6.264969   352.624118
6.274969   354.600942
6.284969   359.358593
6.294969   355.740389
6.304969   345.674332
6.314969   342.758927
6.324969   340.584907
6.334969   353.202835
6.344969   --undefined--
6.354969   --undefined--
6.364969   --undefined--
6.374969   --undefined--
6.384969   --undefined--
6.394969   --undefined--
6.404969   --undefined--
6.414969   --undefined--
6.424969   --undefined--
6.434969   --undefined--
6.444969   --undefined--
6.454969   --undefined--
6.464969   --undefined--
6.474969   --undefined--
6.484969   --undefined--
6.494969   --undefined--
6.504969   --undefined--
6.514969   --undefined--
6.524969   364.149797
6.534969   360.751338
6.544969   355.730874
6.554969   351.652253
6.564969   346.934116
6.574969   346.242939
6.584969   342.884233
6.594969   339.561812
6.604969   320.969299
6.614969   321.131326
6.624969   313.409899
6.634969   302.561511
6.644969   292.505020
6.654969   290.332374
6.664969   291.691758
6.674969   279.679436
6.684969   278.314120
6.694969   284.750088
6.704969   285.287000
6.714969   288.468274
6.724969   299.857745
6.734969   312.369606
6.744969   318.908741
6.754969   319.025624
6.764969   317.306790
6.774969   316.885415
6.784969   313.177505
6.794969   308.792634
6.804969   303.953545
6.814969   290.617619
6.824969   284.744436
6.834969   276.925972
6.844969   269.129867
6.854969   267.758270
6.864969   264.096910
6.874969   261.708001
6.884969   253.552488
6.894969   --undefined--
6.904969   --undefined--
6.914969   --undefined--
6.924969   --undefined--
6.934969   --undefined--
6.944969   --undefined--
6.954969   --undefined--
6.964969   --undefined--
6.974969   --undefined--
6.984969   --undefined--
6.994969   --undefined--
7.004969   --undefined--
7.014969   --undefined--
7.024969   --undefined--
7.034969   --undefined--
7.044969   --undefined--
7.054969   --undefined--
7.064969   --undefined--
7.074969   --undefined--
7.084969   --undefined--
7.094969   --undefined--
7.104969   --undefined--
7.114969   --undefined--
7.124969   --undefined--
7.134969   --undefined--
7.144969   --undefined--
7.154969   --undefined--
7.164969   --undefined--
7.174969   --undefined--
7.184969   --undefined--
7.194969   --undefined--
7.204969   --undefined--
7.214969   --undefined--
7.224969   --undefined--
7.234969   --undefined--
7.244969   --undefined--
7.254969   --undefined--
7.264969   --undefined--
7.274969   --undefined--
7.284969   --undefined--
7.294969   --undefined--
7.304969   --undefined--
7.314969   --undefined--
7.324969   --undefined--
7.334969   --undefined--
7.344969   --undefined--
7.354969   --undefined--
7.364969   --undefined--
7.374969   --undefined--
7.384969   --undefined--
7.394969   --undefined--
7.404969   --undefined--
7.414969   --undefined--
7.424969   --undefined--
7.434969   --undefined--
7.444969   --undefined--
7.454969   --undefined--
7.464969   --undefined--
7.474969   --undefined--
7.484969   --undefined--
7.494969   --undefined--
7.504969   --undefined--
7.514969   --undefined--
7.524969   --undefined--
7.534969   --undefined--
7.544969   --undefined--
7.554969   --undefined--
7.564969   --undefined--
7.574969   --undefined--
7.584969   --undefined--
7.594969   --undefined--
7.604969   --undefined--
7.614969   --undefined--
7.624969   --undefined--
7.634969   --undefined--
7.644969   --undefined--
7.654969   --undefined--
7.664969   --undefined--
7.674969   --undefined--
7.684969   --undefined--
7.694969   --undefined--
7.704969   --undefined--
7.714969   --undefined--
7.724969   --undefined--
7.734969   --undefined--
7.744969   --undefined--
7.754969   --undefined--
7.764969   --undefined--
7.774969   --undefined--
7.784969   --undefined--
7.794969   --undefined--
7.804969   --undefined--
7.814969   --undefined--
7.824969   --undefined--
7.834969   --undefined--
7.844969   --undefined--
7.854969   --undefined--
7.864969   --undefined--
7.874969   --undefined--
7.884969   --undefined--
7.894969   --undefined--
7.904969   --undefined--
7.914969   --undefined--
7.924969   --undefined--
7.934969   --undefined--
7.944969   273.969584
7.954969   271.644189
7.964969   271.265224
7.974969   263.976136
7.984969   264.115977
7.994969   273.448861
8.004969   313.582715
8.014969   349.585942
8.024969   365.000909
8.034969   369.174022
8.044969   375.310557
8.054969   377.206252
8.064969   376.097667
8.074969   369.810424
8.084969   367.482207
8.094969   372.948187
8.104969   372.077839
8.114969   370.694628
8.124969   371.436940
8.134969   371.642958
8.144969   371.854379
8.154969   378.699380
8.164969   386.879957
8.174969   386.363461
8.184969   387.130173
8.194969   389.176707
8.204969   389.043052
8.214969   383.076338
8.224969   374.478032
8.234969   368.045667
8.244969   361.455030
8.254969   353.615727
8.264969   355.407728
8.274969   361.468017
8.284969   379.765861
8.294969   393.169136
8.304969   394.721277
8.314969   391.120232
8.324969   387.827762
8.334969   382.544674
8.344969   360.575189
8.354969   348.975202
8.364969   348.865661
8.374969   352.047113
8.384969   346.614281
8.394969   332.309420
8.404969   324.122983
8.414969   325.499268
8.424969   326.271449
8.434969   328.282173
8.444969   333.508506
8.454969   350.086685
8.464969   363.971290
8.474969   364.139474
8.484969   376.488013
8.494969   379.542633
8.504969   380.045366
8.514969   380.389487
8.524969   414.401654
8.534969   423.565871
8.544969   423.472635
8.554969   423.012302
8.564969   418.960105
8.574969   418.954322
8.584969   417.475062
8.594969   414.236451
8.604969   409.830000
8.614969   404.809809
8.624969   399.032461
8.634969   399.572176
8.644969   407.776170
8.654969   419.039127
8.664969   --undefined--
8.674969   --undefined--
8.684969   --undefined--
8.694969   406.235951
8.704969   415.376198
8.714969   --undefined--
8.724969   417.114892
8.734969   417.554763
8.744969   419.357980
8.754969   --undefined--
8.764969   --undefined--
8.774969   --undefined--
8.784969   --undefined--
8.794969   --undefined--
8.804969   --undefined--
8.814969   --undefined--
8.824969   --undefined--
