Time_s   F0_Hz
0.019526   --undefined--
0.027421   --undefined--
0.035316   --undefined--
0.043211   --undefined--
0.051105   --undefined--
0.059000   --undefined--
0.066895   --undefined--
0.074789   --undefined--
0.082684   --undefined--
0.090579   --undefined--
0.098474   --undefined--
0.106368   --undefined--
0.114263   --undefined--
0.122158   --undefined--
0.130053   --undefined--
0.137947   262.193341
0.145842   260.728867
0.153737   270.504014
0.161632   314.974740
0.169526   324.694108
0.177421   347.725780
0.185316   353.658575
0.193211   358.935376
0.201105   364.545788
0.209000   371.222677
0.216895   376.593585
0.224789   381.778187
0.232684   388.052459
0.240579   393.653610
0.248474   398.546290
0.256368   405.544392
0.264263   410.039513
0.272158   413.843329
0.280053   418.128453
0.287947   422.541338
0.295842   424.952009
0.303737   427.106458
0.311632   432.563881
0.319526   439.959366
0.327421   445.571969
0.335316   448.705156
0.343211   453.719784
0.351105   457.300829
0.359000   459.933289
0.366895   462.494055
0.374789   466.644392
0.382684   469.963100
0.390579   471.034706
0.398474   470.867434
0.406368   479.301142
0.414263   485.770629
0.422158   483.297626
0.430053   484.001647
0.437947   482.175140
0.445842   475.744170
0.453737   470.778830
0.461632   470.949874
0.469526   468.159501
0.477421   463.197940
0.485316   460.888267
0.493211   457.368132
0.501105   455.586955
0.509000   455.835485
0.516895   455.278694
0.524789   454.968837
0.532684   452.612765
0.540579   448.723800
0.548474   446.474066
0.556368   441.043529
0.564263   437.941409
0.572158   429.893136
0.580053   419.565001
0.587947   415.416706
0.595842   410.377769
0.603737   406.991348
0.611632   405.067765
0.619526   404.153554
0.627421   402.186979
0.635316   398.173530
0.643211   395.438530
0.651105   392.990574
0.659000   391.319794
0.666895   390.061736
0.674789   388.812429
0.682684   388.003300
0.690579   388.001092
0.698474   388.033577
0.706368   388.534875
0.714263   388.966623
0.722158   387.950532
0.730053   386.184724
0.737947   383.975801
0.745842   381.297782
0.753737   375.118480
0.761632   366.597323
0.769526   369.430877
0.777421   378.121060
0.785316   381.264387
0.793211   381.264005
0.801105   381.041408
0.809000   330.144176
0.816895   333.462259
0.824789   364.471071
0.832684   372.466796
0.840579   378.230907
0.848474   376.748018
0.856368   376.166561
0.864263   375.556375
0.872158   --undefined--
0.880053   --undefined--
0.887947   --undefined--
0.895842   306.060403
0.903737   313.603327
0.911632   317.340657
0.919526   320.365820
0.927421   325.417795
0.935316   332.227537
0.943211   335.540185
0.951105   336.606392
0.959000   336.739394
0.966895   336.685423
0.974789   337.326320
0.982684   337.071061
0.990579   335.345533
0.998474   334.204462
1.006368   332.904303
1.014263   331.542286
1.022158   329.774845
1.030053   328.265043
1.037947   327.785791
1.045842   325.712666
1.053737   323.264859
1.061632   321.370493
1.069526   317.331317
1.077421   312.491419
1.085316   308.532910
1.093211   305.673200
1.101105   302.323269
1.109000   298.594197
1.116895   297.420091
1.124789   296.218723
1.132684   294.947195
1.140579   294.656310
1.148474   293.710268
1.156368   294.711554
1.164263   296.219239
1.172158   296.993981
1.180053   298.906513
1.187947   303.546324
1.195842   305.594158
1.203737   307.986857
1.211632   309.378936
1.219526   310.820510
1.227421   311.807530
1.235316   312.099191
1.243211   312.118502
1.251105   311.100975
1.259000   311.001845
1.266895   310.797629
1.274789   310.524689
1.282684   309.162879
1.290579   306.307343
1.298474   294.239576
1.306368   290.614636
1.314263   286.134595
1.322158   284.535422
1.330053   284.614506
1.337947   285.455685
1.345842   285.969955
1.353737   284.923381
1.361632   287.731433
1.369526   289.632176
1.377421   290.599337
1.385316   291.011715
1.393211   291.867763
1.401105   297.075375
1.409000   301.972210
1.416895   303.218576
1.424789   300.634684
1.432684   301.230678
1.440579   301.958835
1.448474   304.489687
1.456368   308.490141
1.464263   305.002174
1.472158   302.406208
1.480053   302.832236
1.487947   303.578394
1.495842   304.449118
1.503737   304.504145
1.511632   302.379937
1.519526   299.480798
1.527421   295.232549
1.535316   294.549574
1.543211   295.091073
1.551105   295.867434
1.559000   289.942184
1.566895   278.499142
1.574789   278.574701
1.582684   275.347011
1.590579   262.852846
1.598474   257.572362
1.606368   254.152078
1.614263   249.829923
1.622158   246.844297
1.630053   242.374970
1.637947   241.797246
1.645842   240.315233
1.653737   237.411024
1.661632   233.532885
1.669526   234.951232
1.677421   240.911913
1.685316   242.775999
1.693211   239.859577
1.701105   235.568267
1.709000   237.024247
1.716895   238.508214
1.724789   240.233405
1.732684   242.509083
1.740579   240.160136
1.748474   237.287014
1.756368   239.834810
1.764263   238.130017
1.772158   237.196228
1.780053   --undefined--
1.787947   --undefined--
1.795842   292.254909
1.803737   288.523135
1.811632   288.360006
1.819526   287.926846
1.827421   286.704255
1.835316   285.468027
1.843211   284.544985
1.851105   284.519813
1.859000   285.256080
1.866895   286.126595
1.874789   287.191236
1.882684   290.052490
1.890579   292.910254
1.898474   292.647765
1.906368   291.742733
1.914263   292.223900
1.922158   293.588084
1.930053   292.463719
1.937947   291.190761
1.945842   290.743330
1.953737   291.820343
1.961632   293.761081
1.969526   294.767831
1.977421   293.858989
1.985316   293.895369
1.993211   295.096137
2.001105   294.985361
2.009000   295.155370
2.016895   295.418348
2.024789   295.711490
2.032684   295.341612
2.040579   295.154519
2.048474   295.158021
2.056368   295.272827
2.064263   296.342816
2.072158   296.115422
2.080053   292.617097
2.087947   292.704210
2.095842   292.894687
2.103737   292.373170
2.111632   292.446720
2.119526   293.908579
2.127421   295.308884
2.135316   296.550872
2.143211   298.033250
2.151105   299.166734
2.159000   299.819630
2.166895   299.852784
2.174789   299.942073
2.182684   300.909455
2.190579   301.782120
2.198474   302.036843
2.206368   302.593859
2.214263   303.318929
2.222158   304.004741
2.230053   304.713635
2.237947   306.118297
2.245842   307.999697
2.253737   309.137002
2.261632   311.532965
2.269526   314.802733
2.277421   318.318429
2.285316   323.540568
2.293211   328.849030
2.301105   330.865924
2.309000   318.106522
2.316895   316.766669
2.324789   320.187242
2.332684   321.196606
2.340579   319.552233
2.348474   323.253080
2.356368   327.437237
2.364263   331.466688
2.372158   331.493369
2.380053   315.749446
2.387947   314.144371
2.395842   317.215582
2.403737   319.383427
2.411632   337.028889
2.419526   387.230378
2.427421   396.067844
2.435316   426.204976
2.443211   430.142205
2.451105   436.623320
2.459000   454.466429
2.466895   467.481555
2.474789   482.004427
2.482684   491.538024
2.490579   490.876313
2.498474   497.007359
2.506368   488.512171
2.514263   483.215725
2.522158   477.869220
2.530053   473.219793
2.537947   459.590073
2.545842   444.856866
2.553737   429.078592
2.561632   439.704523
2.569526   460.572155
2.577421   449.671424
2.585316   426.454303
2.593211   449.292681
2.601105   447.052656
2.609000   426.479500
2.616895   437.014352
2.624789   427.716126
2.632684   448.122275
2.640579   466.003150
2.648474   450.359354
2.656368   411.661191
2.664263   409.243126
2.672158   447.405068
2.680053   463.558102
2.687947   432.961535
2.695842   416.193729
2.703737   453.437273
2.711632   473.549147
2.719526   458.526178
2.727421   459.223824
2.735316   462.278110
2.743211   452.173490
2.751105   459.983045
2.759000   --undefined--
2.766895   --undefined--
2.774789   --undefined--
2.782684   --undefined--
2.790579   --undefined--
2.798474   --undefined--
2.806368   --undefined--
2.814263   280.396666
2.822158   284.505886
2.830053   288.956835
2.837947   291.695202
2.845842   293.854500
2.853737   298.119374
2.861632   307.053008
2.869526   313.281834
2.877421   316.155480
2.885316   308.019343
2.893211   303.635700
2.901105   305.619150
2.909000   300.844443
2.916895   295.377117
2.924789   292.423051
2.932684   301.683487
2.940579   298.844921
2.948474   299.803989
2.956368   298.170536
2.964263   296.419804
2.972158   293.066448
2.980053   293.118248
2.987947   --undefined--
2.995842   --undefined--
3.003737   --undefined--
3.011632   --undefined--
3.019526   --undefined--
3.027421   --undefined--
3.035316   --undefined--
3.043211   325.478166
3.051105   323.531991
3.059000   317.493945
3.066895   314.445922
3.074789   312.477450
3.082684   311.433703
3.090579   309.823934
3.098474   308.376902
3.106368   305.861216
3.114263   302.862495
3.122158   303.310738
3.130053   302.602904
3.137947   300.883134
3.145842   299.748877
3.153737   297.931892
3.161632   294.819605
3.169526   293.831138
3.177421   292.517295
3.185316   291.354699
3.193211   290.912377
3.201105   289.677179
3.209000   289.541196
3.216895   289.172619
3.224789   289.061231
3.232684   288.964053
3.240579   288.147030
3.248474   287.822398
3.256368   287.294275
3.264263   288.478428
3.272158   285.038426
3.280053   280.433388
3.287947   278.851202
3.295842   278.310229
3.303737   277.829442
3.311632   278.848017
3.319526   279.485826
3.327421   279.926352
3.335316   279.929598
3.343211   280.361522
3.351105   281.211608
3.359000   282.339725
3.366895   282.970002
3.374789   283.253076
3.382684   283.813672
3.390579   284.366590
3.398474   285.036776
3.406368   285.272760
3.414263   284.749950
3.422158   283.658844
3.430053   282.291983
3.437947   280.581828
3.445842   278.578532
3.453737   277.151722
3.461632   276.514476
3.469526   276.030042
3.477421   271.987094
3.485316   269.369059
3.493211   269.115482
3.501105   267.199119
3.509000   266.839480
3.516895   270.314976
3.524789   269.325851
3.532684   263.097315
3.540579   254.488116
3.548474   252.819960
3.556368   261.406666
3.564263   259.175774
3.572158   254.667201
3.580053   264.219741
3.587947   270.793229
3.595842   263.687035
3.603737   258.774768
3.611632   261.473313
3.619526   263.324882
3.627421   250.436409
3.635316   257.423623
3.643211   --undefined--
3.651105   --undefined--
3.659000   --undefined--
3.666895   --undefined--
3.674789   --undefined--
3.682684   --undefined--
3.690579   --undefined--
3.698474   --undefined--
3.706368   --undefined--
3.714263   --undefined--
3.722158   --undefined--
3.730053   --undefined--
3.737947   --undefined--
3.745842   --undefined--
3.753737   --undefined--
3.761632   --undefined--
3.769526   --undefined--
3.777421   --undefined--
3.785316   --undefined--
3.793211   --undefined--
3.801105   --undefined--
3.809000   --undefined--
3.816895   --undefined--
3.824789   --undefined--
3.832684   --undefined--
3.840579   --undefined--
3.848474   --undefined--
3.856368   --undefined--
3.864263   --undefined--
3.872158   --undefined--
3.880053   --undefined--
3.887947   --undefined--
3.895842   --undefined--
3.903737   --undefined--
3.911632   --undefined--
3.919526   --undefined--
3.927421   --undefined--
3.935316   --undefined--
3.943211   --undefined--
3.951105   --undefined--
3.959000   308.868847
3.966895   300.537572
3.974789   300.234092
3.982684   300.995116
3.990579   301.866173
3.998474   301.630221
4.006368   301.313726
4.014263   301.492900
4.022158   300.203036
4.030053   299.433439
4.037947   299.911088
4.045842   299.506575
4.053737   298.977376
4.061632   298.993131
4.069526   299.537105
4.077421   300.963968
4.085316   301.977432
4.093211   300.835058
4.101105   298.085905
4.109000   296.346971
4.116895   295.716805
4.124789   294.787100
4.132684   294.086003
4.140579   294.633597
4.148474   293.886532
4.156368   293.112747
4.164263   292.588666
4.172158   292.224488
4.180053   291.933622
4.187947   291.291980
4.195842   291.258110
4.203737   292.593634
4.211632   293.280492
4.219526   293.477023
4.227421   292.919711
4.235316   291.516011
4.243211   291.906323
4.251105   292.766991
4.259000   292.795558
4.266895   291.977135
4.274789   291.186216
4.282684   291.337791
4.290579   292.493953
4.298474   292.558104
4.306368   292.220469
4.314263   292.750906
4.322158   292.948540
4.330053   292.587859
4.337947   293.091445
4.345842   294.623030
4.353737   --undefined--
4.361632   --undefined--
4.369526   --undefined--
4.377421   --undefined--
4.385316   --undefined--
4.393211   --undefined--
4.401105   311.707555
4.409000   308.733796
4.416895   306.065262
4.424789   308.070122
4.432684   309.509485
4.440579   308.469620
4.448474   308.592887
4.456368   308.315096
4.464263   306.048501
4.472158   302.419165
4.480053   299.585677
4.487947   299.136274
4.495842   299.099687
4.503737   297.937451
4.511632   294.330971
4.519526   292.905203
4.527421   291.473350
4.535316   288.343496
4.543211   286.427968
4.551105   285.102951
4.559000   284.281672
4.566895   284.350587
4.574789   283.381977
4.582684   281.999013
4.590579   281.070799
4.598474   280.873905
4.606368   280.350840
4.614263   279.255402
4.622158   279.048315
4.630053   279.126982
4.637947   278.525248
4.645842   278.093377
4.653737   278.518923
4.661632   279.078437
4.669526   279.038852
4.677421   279.228747
4.685316   278.898467
4.693211   278.321602
4.701105   278.014168
4.709000   276.864125
4.716895   276.544904
4.724789   278.425898
4.732684   278.082229
4.740579   277.943328
4.748474   272.328691
4.756368   275.127235
4.764263   275.764092
4.772158   277.596768
4.780053   --undefined--
4.787947   --undefined--
4.795842   --undefined--
4.803737   --undefined--
4.811632   --undefined--
4.819526   --undefined--
4.827421   --undefined--
4.835316   --undefined--
4.843211   --undefined--
4.851105   --undefined--
4.859000   --undefined--
4.866895   --undefined--
4.874789   --undefined--
4.882684   --undefined--
4.890579   --undefined--
4.898474   --undefined--
4.906368   --undefined--
4.914263   --undefined--
4.922158   --undefined--
4.930053   --undefined--
4.937947   --undefined--
4.945842   --undefined--
4.953737   --undefined--
4.961632   --undefined--
4.969526   --undefined--
4.977421   --undefined--
4.985316   283.710232
4.993211   279.693625
5.001105   278.108768
5.009000   278.404033
5.016895   279.139961
5.024789   277.749129
5.032684   276.623007
5.040579   276.311690
5.048474   276.897507
5.056368   275.717311
5.064263   274.933193
5.072158   274.557881
5.080053   273.378230
5.087947   274.243397
5.095842   274.749906
5.103737   274.496367
5.111632   274.942354
5.119526   274.629936
5.127421   274.428716
5.135316   274.877785
5.143211   275.224230
5.151105   275.950589
5.159000   276.877501
5.166895   277.787924
5.174789   279.400023
5.182684   280.546783
5.190579   281.940802
5.198474   283.046147
5.206368   285.611128
5.214263   288.499110
5.222158   292.415767
5.230053   295.628034
5.237947   295.789179
5.245842   297.187787
5.253737   302.843211
5.261632   305.339004
5.269526   311.034013
5.277421   315.710834
5.285316   318.282465
5.293211   323.252608
5.301105   327.679530
5.309000   331.622632
5.316895   334.394742
5.324789   339.622955
5.332684   341.800958
5.340579   345.970211
5.348474   349.796834
5.356368   352.284190
5.364263   355.392698
5.372158   359.896032
5.380053   363.328530
5.387947   367.987373
5.395842   370.991722
5.403737   373.047574
5.411632   376.020236
5.419526   378.352865
5.427421   379.519922
5.435316   381.403832
5.443211   383.255759
5.451105   382.345711
5.459000   381.061211
5.466895   379.463494
5.474789   375.149189
5.482684   375.545577
5.490579   377.942965
5.498474   375.945041
5.506368   376.952637
5.514263   378.959566
5.522158   379.723398
5.530053   378.923428
5.537947   378.557935
5.545842   379.429509
5.553737   380.822255
5.561632   373.491166
5.569526   370.552168
5.577421   365.827444
5.585316   346.337713
5.593211   343.741081
5.601105   338.435495
5.609000   325.837710
5.616895   315.604028
5.624789   309.013331
5.632684   301.412686
5.640579   293.649320
5.648474   288.048108
5.656368   282.930705
5.664263   273.945804
5.672158   265.366053
5.680053   260.602531
5.687947   256.092192
5.695842   251.587421
5.703737   251.121097
5.711632   346.322390
5.719526   344.002081
5.727421   339.858417
5.735316   --undefined--
5.743211   --undefined--
5.751105   --undefined--
5.759000   --undefined--
5.766895   --undefined--
5.774789   --undefined--
5.782684   --undefined--
5.790579   --undefined--
5.798474   --undefined--
5.806368   --undefined--
5.814263   --undefined--
5.822158   --undefined--
5.830053   --undefined--
5.837947   --undefined--
5.845842   --undefined--
5.853737   --undefined--
5.861632   --undefined--
5.869526   --undefined--
5.877421   --undefined--
5.885316   --undefined--
5.893211   --undefined--
5.901105   --undefined--
5.909000   --undefined--
5.916895   --undefined--
5.924789   --undefined--
5.932684   --undefined--
5.940579   --undefined--
5.948474   --undefined--
5.956368   --undefined--
5.964263   --undefined--
5.972158   --undefined--
5.980053   --undefined--
5.987947   --undefined--
5.995842   --undefined--
6.003737   --undefined--
6.011632   --undefined--
6.019526   --undefined--
6.027421   --undefined--
6.035316   --undefined--
6.043211   --undefined--
6.051105   --undefined--
6.059000   --undefined--
6.066895   --undefined--
6.074789   --undefined--
6.082684   --undefined--
6.090579   --undefined--
6.098474   --undefined--
6.106368   --undefined--
6.114263   307.950258
6.122158   304.634720
6.130053   306.863408
6.137947   310.975391
6.145842   313.618425
6.153737   316.332389
6.161632   318.744311
6.169526   320.334560
6.177421   323.233791
6.185316   327.114478
6.193211   329.798329
6.201105   333.753083
6.209000   340.783194
6.216895   341.929027
6.224789   347.983914
6.232684   352.269720
6.240579   355.269800
6.248474   364.996261
6.256368   367.518883
6.264263   373.778710
6.272158   375.035481
6.280053   377.096663
6.287947   375.078863
6.295842   374.512389
6.303737   376.517406
6.311632   365.846681
6.319526   357.094653
6.327421   363.632480
6.335316   378.007359
6.343211   380.741661
6.351105   375.499463
6.359000   370.810011
6.366895   370.747995
6.374789   371.598941
6.382684   373.570030
6.390579   369.574174
6.398474   371.815398
6.406368   374.534622
6.414263   371.019873
6.422158   360.897281
6.430053   344.070198
6.437947   337.899746
6.445842   337.353346
6.453737   334.157385
6.461632   327.524582
6.469526   325.455789
6.477421   322.938848
6.485316   321.030143
6.493211   319.167755
6.501105   317.772623
6.509000   318.359743
6.516895   317.796719
6.524789   315.853914
6.532684   314.669074
6.540579   314.825622
6.548474   313.238191
6.556368   311.679023
6.564263   311.056878
6.572158   322.872758
6.580053   321.776004
6.587947   314.157903
6.595842   312.255846
6.603737   309.880542
6.611632   311.354845
6.619526   --undefined--
6.627421   --undefined--
6.635316   --undefined--
6.643211   --undefined--
6.651105   --undefined--
6.659000   --undefined--
6.666895   --undefined--
6.674789   --undefined--
6.682684   --undefined--
6.690579   --undefined--
6.698474   --undefined--
6.706368   --undefined--
6.714263   --undefined--
6.722158   --undefined--
6.730053   --undefined--
6.737947   --undefined--
6.745842   --undefined--
6.753737   --undefined--
6.761632   --undefined--
6.769526   --undefined--
6.777421   --undefined--
6.785316   --undefined--
6.793211   --undefined--
6.801105   288.515536
6.809000   288.571942
6.816895   289.833100
6.824789   290.732662
6.832684   291.022874
6.840579   291.164778
6.848474   290.836239
6.856368   290.968224
6.864263   290.515206
6.872158   289.505155
6.880053   289.166802
6.887947   288.800856
6.895842   288.761974
6.903737   289.291285
6.911632   289.750101
6.919526   290.166136
6.927421   290.776720
6.935316   291.504433
6.943211   292.077622
6.951105   292.718085
6.959000   292.163279
6.966895   292.502254
6.974789   293.098997
6.982684   293.020749
6.990579   292.581534
6.998474   292.654836
7.006368   292.931806
7.014263   293.584954
7.022158   294.200919
7.030053   294.394742
7.037947   294.945937
7.045842   294.674017
7.053737   293.839785
7.061632   292.966386
7.069526   291.726199
7.077421   288.261124
7.085316   289.974115
7.093211   293.331131
7.101105   294.615979
7.109000   293.487405
7.116895   291.467992
7.124789   291.933290
7.132684   294.792954
7.140579   294.766417
7.148474   292.113772
7.156368   292.232147
7.164263   288.399739
7.172158   288.058891
7.180053   --undefined--
7.187947   --undefined--
7.195842   --undefined--
7.203737   --undefined--
7.211632   --undefined--
7.219526   --undefined--
7.227421   253.003670
7.235316   254.023227
7.243211   254.444973
7.251105   255.510976
7.259000   255.856562
7.266895   256.807982
7.274789   257.213634
7.282684   258.386557
7.290579   260.380365
7.298474   262.440042
7.306368   262.692399
7.314263   263.666643
7.322158   265.072843
7.330053   264.355408
7.337947   264.311017
7.345842   263.604417
7.353737   263.013349
7.361632   262.928231
7.369526   262.947581
7.377421   263.489146
7.385316   264.236038
7.393211   264.927884
7.401105   264.675650
7.409000   265.194670
7.416895   266.773211
7.424789   267.523399
7.432684   268.213468
7.440579   270.885857
7.448474   271.526469
7.456368   272.123431
7.464263   276.272230
7.472158   281.146801
7.480053   277.374938
7.487947   277.533985
7.495842   280.969859
7.503737   282.787821
7.511632   280.120227
7.519526   280.402270
7.527421   282.651423
7.535316   281.925111
7.543211   281.202968
7.551105   281.085907
7.559000   280.598659
7.566895   280.691640
7.574789   279.714626
7.582684   278.833111
7.590579   279.218447
7.598474   279.966896
7.606368   280.224376
7.614263   278.400548
7.622158   276.338823
7.630053   274.758866
7.637947   271.937509
7.645842   269.938150
7.653737   268.931804
7.661632   268.075519
7.669526   266.786444
7.677421   263.903315
7.685316   251.973986
7.693211   243.189629
7.701105   239.002457
7.709000   231.895959
7.716895   223.893692
7.724789   --undefined--
7.732684   --undefined--
7.740579   --undefined--
7.748474   --undefined--
7.756368   --undefined--
7.764263   --undefined--
7.772158   --undefined--
7.780053   --undefined--
7.787947   --undefined--
7.795842   --undefined--
7.803737   --undefined--
7.811632   --undefined--
7.819526   --undefined--
7.827421   --undefined--
7.835316   --undefined--
7.843211   --undefined--
7.851105   --undefined--
7.859000   --undefined--
7.866895   --undefined--
7.874789   --undefined--
7.882684   --undefined--
7.890579   --undefined--
7.898474   --undefined--
7.906368   --undefined--
7.914263   --undefined--
7.922158   --undefined--
7.930053   --undefined--
7.937947   --undefined--
7.945842   --undefined--
7.953737   --undefined--
7.961632   --undefined--
7.969526   --undefined--
7.977421   --undefined--
7.985316   --undefined--
7.993211   --undefined--
8.001105   --undefined--
8.009000   --undefined--
8.016895   --undefined--
8.024789   --undefined--
8.032684   --undefined--
8.040579   --undefined--
8.048474   --undefined--
8.056368   --undefined--
8.064263   --undefined--
8.072158   --undefined--
8.080053   --undefined--
8.087947   --undefined--
8.095842   --undefined--
8.103737   --undefined--
8.111632   --undefined--
8.119526   --undefined--
8.127421   --undefined--
8.135316   --undefined--
8.143211   --undefined--
8.151105   --undefined--
8.159000   --undefined--
8.166895   --undefined--
8.174789   --undefined--
8.182684   --undefined--
8.190579   --undefined--
8.198474   --undefined--
8.206368   --undefined--
8.214263   --undefined--
8.222158   --undefined--
8.230053   --undefined--
8.237947   --undefined--
8.245842   --undefined--
8.253737   --undefined--
8.261632   --undefined--
8.269526   --undefined--
8.277421   --undefined--
8.285316   --undefined--
8.293211   --undefined--
8.301105   --undefined--
8.309000   --undefined--
8.316895   --undefined--
8.324789   --undefined--
8.332684   --undefined--
8.340579   --undefined--
8.348474   --undefined--
8.356368   --undefined--
8.364263   --undefined--
8.372158   --undefined--
8.380053   --undefined--
8.387947   --undefined--
8.395842   --undefined--
8.403737   --undefined--
8.411632   --undefined--
8.419526   --undefined--
8.427421   --undefined--
8.435316   --undefined--
8.443211   --undefined--
8.451105   --undefined--
8.459000   --undefined--
8.466895   --undefined--
8.474789   --undefined--
8.482684   --undefined--
8.490579   --undefined--
8.498474   --undefined--
8.506368   --undefined--
8.514263   --undefined--
8.522158   --undefined--
8.530053   --undefined--
8.537947   --undefined--
8.545842   --undefined--
8.553737   --undefined--
8.561632   --undefined--
8.569526   --undefined--
8.577421   --undefined--
8.585316   --undefined--
8.593211   --undefined--
8.601105   --undefined--
8.609000   --undefined--
8.616895   --undefined--
8.624789   --undefined--
8.632684   --undefined--
8.640579   --undefined--
8.648474   --undefined--
8.656368   --undefined--
8.664263   --undefined--
8.672158   --undefined--
8.680053   --undefined--
8.687947   --undefined--
8.695842   --undefined--
8.703737   --undefined--
8.711632   --undefined--
8.719526   --undefined--
8.727421   --undefined--
8.735316   --undefined--
8.743211   --undefined--
8.751105   --undefined--
8.759000   --undefined--
8.766895   --undefined--
8.774789   --undefined--
8.782684   --undefined--
8.790579   --undefined--
8.798474   --undefined--
8.806368   --undefined--
8.814263   --undefined--
8.822158   --undefined--
8.830053   --undefined--
8.837947   --undefined--
8.845842   --undefined--
8.853737   --undefined--
8.861632   --undefined--
8.869526   --undefined--
8.877421   --undefined--
8.885316   --undefined--
8.893211   --undefined--
8.901105   --undefined--
8.909000   --undefined--
8.916895   --undefined--
8.924789   --undefined--
8.932684   --undefined--
8.940579   --undefined--
8.948474   --undefined--
8.956368   --undefined--
8.964263   --undefined--
8.972158   --undefined--
8.980053   --undefined--
8.987947   --undefined--
8.995842   --undefined--
9.003737   --undefined--
9.011632   --undefined--
9.019526   --undefined--
9.027421   --undefined--
9.035316   --undefined--
9.043211   --undefined--
9.051105   --undefined--
9.059000   --undefined--
9.066895   --undefined--
9.074789   --undefined--
9.082684   --undefined--
9.090579   --undefined--
9.098474   --undefined--
9.106368   --undefined--
9.114263   --undefined--
9.122158   --undefined--
9.130053   --undefined--
9.137947   --undefined--
9.145842   --undefined--
9.153737   --undefined--
9.161632   338.059054
9.169526   333.335037
9.177421   330.771196
9.185316   327.146025
9.193211   325.940457
9.201105   327.211166
9.209000   329.371179
9.216895   331.162160
9.224789   332.202344
9.232684   332.539089
9.240579   331.726279
9.248474   331.475036
9.256368   332.410637
9.264263   333.774088
9.272158   333.998074
9.280053   333.084429
9.287947   332.575919
9.295842   331.439812
9.303737   332.181980
9.311632   331.921895
9.319526   331.660723
9.327421   331.716188
9.335316   331.766078
9.343211   332.737964
9.351105   332.133820
9.359000   331.910988
9.366895   332.981327
9.374789   332.573279
9.382684   325.764885
9.390579   317.277178
9.398474   314.936503
9.406368   318.101989
9.414263   321.098815
9.422158   322.816092
9.430053   324.014063
9.437947   324.315241
9.445842   321.998063
9.453737   319.610774
9.461632   319.904891
9.469526   321.847912
9.477421   325.777287
9.485316   326.549292
9.493211   324.399547
9.501105   315.359778
9.509000   314.282048
9.516895   316.468485
9.524789   318.003121
9.532684   --undefined--
9.540579   --undefined--
9.548474   --undefined--
9.556368   --undefined--
9.564263   --undefined--
9.572158   327.049467
9.580053   326.894331
9.587947   332.950441
9.595842   345.398488
9.603737   347.744273
9.611632   348.633257
9.619526   348.824479
9.627421   348.933766
9.635316   348.886441
9.643211   348.162850
9.651105   346.611562
9.659000   344.727260
9.666895   344.330004
9.674789   342.984602
9.682684   329.840727
9.690579   330.220736
9.698474   330.259882
9.706368   329.052870
9.714263   327.784963
9.722158   326.400199
9.730053   327.837362
9.737947   329.645577
9.745842   313.736924
9.753737   313.567003
9.761632   313.316722
9.769526   313.415962
9.777421   329.577062
9.785316   329.946011
9.793211   --undefined--
9.801105   --undefined--
9.809000   --undefined--
9.816895   --undefined--
9.824789   --undefined--
9.832684   --undefined--
9.840579   --undefined--
9.848474   --undefined--
